item_id 名字 等级 职业 
1000025 英式高帽 0 0
1001035 枫叶印第安头饰 0 0
1002001 金属头箍 15 0
1002002 金属头盔 10 1
1002003 钢铁帽 12 1
1002004 褐色战斗头盔 35 1
1002005 钢制骑士头盔 25 1
1002006 骷髅头盔 42 0
1002007 铁制头具 15 1
1002008 褐色皮帽 5 0
1002009 钢铁橄榄球帽 20 1
1002010 褐色高级皮帽 10 4
1002011 钢制海王帽 20 1
1002012 红色棒球帽 20 0
1002013 孙悟空头箍 30 2
1002014 红色发箍 5 0
1002016 绿色法师帽 20 2
1002017 褐色旧魔法帽 10 2
1002019 白头巾 10 0
1002020 红星头巾 25 0
1002021 诺曼头盔 40 1
1002022 旧诺曼头盔 55 1
1002023 枪骑士头盔 30 1
1002024 祖母綠武士头盔 47 1
1002025 红铁头盔 40 1
1002026 褐色斗笠 25 0
1002027 铁制尖头具 22 1
1002028 银制十字军帽子 50 1
1002029 将军的红头盔 60 1
1002030 银制战帽 70 1
1002033 狗皮帽 15 0
1002034 蓝色术士帽 30 2
1002035 粉红术士帽 30 2
1002036 绿色术士帽 30 2
1002037 黑色术士帽 30 2
1002038 褐色术士帽 30 2
1002039 青铜头盔 12 1
1002040 锂矿帽 12 1
1002041 黄色金属头箍 15 0
1002042 蓝色金属头箍 15 0
1002043 青铜头盔 10 1
1002044 锂矿头盔 10 1
1002045 蓝色骷髅头盔 42 1
1002046 红色骷髅头盔 42 1
1002047 红色战斗头盔 35 1
1002048 蓝色战斗头盔 35 1
1002049 黄金骑士头盔 25 1
1002050 紫矿骑士头盔 25 1
1002051 青铜头盔 15 1
1002052 锂矿头盔 15 1
1002053 绿色皮帽 5 0
1002054 红色皮帽 5 0
1002055 青铜橄榄球帽 20 1
1002056 锂矿橄榄球帽 20 1
1002057 绿色高级皮帽 10 4
1002058 锂矿海王头盔 20 1
1002059 青铜海王头盔 20 1
1002060 黑色棒球帽 20 0
1002061 黄色棒球帽 20 0
1002062 褐色棒球帽 20 0
1002063 青色棒球帽 20 0
1002064 孙悟空青铜头箍 30 2
1002065 孙悟空钢制头箍 30 2
1002066 黑发箍 5 0
1002067 淡绿发箍 5 0
1002068 黄发箍 5 0
1002069 蓝发箍 5 0
1002072 蓝色法师帽 20 2
1002073 红色法师帽 20 2
1002074 蓝色旧魔法帽 10 2
1002075 红色旧魔法帽 10 2
1002080 海盗头巾(红) 10 0
1002081 海盗头巾(青) 10 0
1002082 海盗头巾(黄) 10 0
1002083 海盗头巾(黑) 10 0
1002084 将军青头盔 60 1
1002085 锂矿十字军帽 50 1
1002086 青铜十字军帽 50 1
1002087 锂矿尖头盔 22 1
1002088 黄金尖头盔 22 1
1002089 绿色斗笠 25 0
1002090 蓝色斗笠 25 0
1002091 黑青武士头盔 47 1
1002092 黄铁头盔 40 1
1002093 蓝铁头盔 40 1
1002094 青铜战盔 70 1
1002095 锂矿战盔 70 1
1002096 蓝星头巾 25 0
1002097 黄星头巾 25 0
1002098 黄金诺曼头盔 40 1
1002099 锂矿诺曼头盔 40 1
1002100 旧青铜诺曼头盔 55 1
1002101 旧锂矿诺曼头盔 55 1
1002102 蓝色魔法帽 15 2
1002103 粉红魔法帽 15 2
1002104 绿色魔法帽 15 2
1002105 黑色魔法帽 15 2
1002106 褐色魔法帽 15 2
1002107 飞侠红头巾 15 8
1002108 飞侠蓝头巾 15 8
1002109 飞侠绿头巾 15 8
1002110 飞侠黑头巾 15 8
1002111 飞侠黄头巾 15 8
1002112 红羽毛帽 15 4
1002113 蓝羽毛帽 15 4
1002114 绿羽毛帽 15 4
1002115 黑羽毛帽 15 4
1002116 褐羽毛帽 15 4
1002117 红箭翎帽 20 4
1002118 蓝箭翎帽 20 4
1002119 绿箭翎帽 20 4
1002120 黑箭翎帽 20 4
1002121 褐箭翎帽 20 4
1002122 飞侠红帽 10 8
1002123 飞侠蓝帽 10 8
1002124 飞侠褐帽 10 8
1002125 飞侠黑帽 10 8
1002126 飞侠绿帽 10 8
1002127 红自由之帽 20 8
1002128 蓝自由之帽 20 8
1002129 褐自由之帽 20 8
1002130 黑自由之帽 20 8
1002131 绿自由之帽 20 8
1002132 黑游泳帽 8 0
1002133 蓝游泳帽 8 0
1002134 红游泳帽 8 0
1002135 褐箭翎三角帽 35 4
1002136 黑箭翎三角帽 35 4
1002137 绿箭翎三角帽 35 4
1002138 蓝箭翎三角帽 35 4
1002139 红箭翎三角帽 35 4
1002140 维泽特帽 0 0
1002141 红星魔法帽 35 2
1002142 蓝星魔法帽 35 2
1002143 绿星魔法帽 35 2
1002144 褐星魔法帽 35 2
1002145 黑星魔法帽 35 2
1002146 红提贝之帽 25 8
1002147 蓝提贝之帽 25 8
1002148 绿提贝之帽 25 8
1002149 褐提贝之帽 25 8
1002150 黑提贝之帽 25 8
1002151 褐魔道之帽 40 2
1002152 蓝魔道之帽 40 2
1002153 红魔道之帽 40 2
1002154 黑魔道之帽 40 2
1002155 白魔道之帽 40 2
1002156 红打猎帽 25 4
1002157 蓝打猎帽 25 4
1002158 绿打猎帽 25 4
1002159 黑打猎帽 25 4
1002160 褐打猎帽 25 4
1002161 红冬羽 30 4
1002162 蓝冬羽 30 4
1002163 绿冬羽 30 4
1002164 褐冬羽 30 4
1002165 黑冬羽 30 4
1002166 红羽丝绒帽 40 4
1002167 蓝羽丝绒帽 40 4
1002168 绿羽丝绒帽 40 4
1002169 褐羽丝绒帽 40 4
1002170 黑羽丝绒帽 40 4
1002171 红假面帽 30 8
1002172 蓝假面帽 30 8
1002173 绿假面帽 30 8
1002174 褐假面帽 30 8
1002175 黑假面帽 30 8
1002176 红防风帽 35 8
1002177 蓝防风帽 35 8
1002178 绿防风帽 35 8
1002179 褐防风帽 35 8
1002180 黑防风帽 35 8
1002181 红海盗头巾 40 8
1002182 蓝海盗头巾 40 8
1002183 绿海盗头巾 40 8
1002184 褐海盗头巾 40 8
1002185 黑海盗头巾 40 8
1002207 红黑太阳帽 50 8
1002208 蓝黑太阳帽 50 8
1002209 绿黑太阳帽 50 8
1002210 黄黑太阳帽 50 8
1002211 蓝贵族软帽 50 4
1002212 红贵族软帽 50 4
1002213 绿贵族软帽 50 4
1002214 黑贵族软帽 50 4
1002215 火黃金法冠 50 2
1002216 水黃金法冠 50 2
1002217 土黃金法冠 50 2
1002218 黑黃金法冠 50 2
1002242 红和平之帽 60 2
1002243 蓝和平之帽 60 2
1002244 绿和平之帽 60 2
1002245 白和平之帽 60 2
1002246 黑和平之帽 60 2
1002247 青铜忍者头巾 60 8
1002248 银忍者头巾 60 8
1002249 黑忍者头巾 60 8
1002252 红神圣之冠 70 2
1002253 蓝神圣之冠 70 2
1002254 黑神圣之冠 70 2
1002267 赤弓羽 60 4
1002268 黄弓羽 60 4
1002269 白弓羽 60 4
1002270 黑弓羽 60 4
1002271 绿十字帽 80 2
1002272 蓝十字帽 80 2
1002273 紫十字帽 80 2
1002274 黑十字帽 80 2
1002275 蓝黄金翼帽 80 4
1002276 红黄金翼帽 80 4
1002277 绿黄金翼帽 80 4
1002278 黑黄金翼帽 80 4
1002281 褐天空之帽 70 8
1002282 蓝天空之帽 70 8
1002283 紫天空之帽 70 8
1002284 白天空之帽 70 8
1002285 红天空之帽 70 8
1002286 蓝司令帽 70 4
1002287 白黄司令帽 70 4
1002288 绿司令帽 70 4
1002289 黑司令帽 70 4
1002323 蓝扣带帽 90 8
1002324 褐扣带帽 90 8
1002325 紫扣带帽 90 8
1002326 红扣带帽 90 8
1002327 褐色海盗帽 80 8
1002328 绿色海盗帽 80 8
1002329 红色海盗帽 80 8
1002330 黑色海盗帽 80 8
1002338 赤龙头盔 80 1
1002339 蓝龙头盔 80 1
1002340 黑龙头盔 80 1
1002357 扎昆头盔 50 0
1002363 圣职帽(绿) 90 2
1002364 圣职帽(蓝) 90 2
1002365 圣职帽(红) 90 2
1002366 圣职帽(黑) 90 2
1002377 龙纹头盔(绿) 100 1
1002378 龙纹头盔(蓝) 100 1
1002379 龙纹头盔(黑) 100 1
1002380 侠盗帽(绿) 100 8
1002381 侠盗帽(蓝) 100 8
1002382 侠盗帽(红) 100 8
1002383 侠盗帽(黑) 100 8
1002390 真扎昆头盔 50 0
1002391 海盗头巾(绿) 10 0
1002392 海盗头巾(褐) 10 0
1002393 海盗头巾(粉) 10 0
1002394 海盗头巾(灰) 10 0
1002395 海盗头巾(紫) 10 0
1002398 杰斯特帽(绿) 100 2
1002399 杰斯特帽(蓝) 100 2
1002400 杰斯特帽(红) 100 2
1002401 杰斯特帽(黑) 100 2
1002402 鹰眼头盔(红) 90 4
1002403 鹰眼头盔(蓝) 90 4
1002404 鹰眼头盔(绿) 90 4
1002405 鹰眼头盔(黑) 90 4
1002406 飞羽帽(红) 100 4
1002407 飞羽帽(蓝) 100 4
1002408 飞羽帽(绿) 100 4
1002418 废报纸头盔 0 0
1002419 枫叶帽 0 0
1002424 红马术帽 5 0
1002425 蓝马术帽 5 0
1002430 扎昆头盔3 60 0
1002436 长老斯坦之帽 35 0
1002441 热血头带 25 0
1002448 海盗头巾(紫) 10 0
1002452 黑星白头巾 20 0
1002453 白星黑头巾 20 0
1002454 红星黑头巾 30 0
1002455 黑星红头巾 30 0
1002471 猎手帽子 60 0
1002483 鬼怪帽 65 0
1002492 白色棒球帽 20 0
1002508 枫叶头盔 0 0
1002509 枫叶头盔 8 0
1002510 枫叶头盔 30 0
1002511 枫叶头盔 70 0
1002515 枫叶白头巾 0 0
1002516 枫叶黄头巾 0 0
1002517 枫叶红头巾 30 0
1002518 枫叶蓝头巾 0 0
1002527 国庆日帽 0 0
1002528 绿色格莱西头盔 90 1
1002529 蓝色格莱西头盔 90 1
1002530 红色格莱西头盔 90 1
1002531 银色格莱西头盔 90 1
1002532 黑色格莱西头盔 90 1
1002547 红猎人帽子 110 4
1002550 黑色格莱西头盔 110 8
1002551 蓝龙头盔 110 1
1002553 创世头巾 0 0
1002554 武艺头绳 60 0
1002562 青苹果帽 0 0
1002571 普通海盗帽 60 0
1002572 海盗船长帽 70 0
1002573 海盗船长帽 80 0
1002574 海盗船长帽 90 0
1002577 扒手头巾 40 8
1002578 大力士钢盔 35 1
1002579 乐菲小丑帽 30 2
1002580 海盗船长头饰 35 4
1002584 旧红狗皮帽 20 0
1002585 蓝色烤栗贩帽子 20 0
1002586 紫色烤栗贩帽子 20 0
1002587 黑色烤栗贩帽子 20 0
1002600 枫叶红头巾 0 0
1002601 枫叶黄头巾 0 0
1002602 枫叶蓝头巾 0 0
1002603 枫叶白头巾 0 0
1002610 水手头巾 10 16
1002613 水手帽 15 16
1002616 水兵头巾 20 16
1002619 兵长头巾 25 16
1002622 水兵帽 30 16
1002625 海盗睡帽 35 16
1002628 三眼海盗帽 40 16
1002631 船头 50 16
1002634 骷髅巾 60 16
1002637 绞杀包头 70 16
1002640 冲锋帽 80 16
1002643 血海头巾 90 16
1002646 船长帽 100 16
1002649 大海盗 110 16
1002656 忍者白头巾 60 8
1002662 婚礼花头饰 0 0
1002663 可乐帽子 10 0
1002675 一个被修复的安德里守护着头饰;\n能延长携带者的生命与魔法。 35 0
1002676 一个古老的圣物。只有赐予可完美\n结合身心的勇者。 50 0
1002677 玩具匠人帽 40 0
1002699 万圣节南瓜帽子 10 0
1002707 假面绅士帽子 10 0
1002716 颠夜圣诞节帽 0 0
1002717 枫叶圣诞节帽 0 0
1002723 月饼帽 30 0
1002728 圣诞鹿角 10 0
1002737 小白鼠发带 10 0
1002739 戮魔猎手头盔 70 21
1002740 戮魔猎手护面 70 10
1002749 戮魔猎手头盔 50 4
1002750 戮魔猎手护面 50 8
1002757 football steel helmet 10 0
1002758 枫叶帽4 90 0
1002762 坎泰伦变身 0 0
1002763 菲尔变身 0 0
1002764 雅典娜变身 0 0
1002765 罗德变身 0 0
1002766 友里索变身 0 0
1002773 金龙头盔 110 2
1002776 #c突进 +1等级# 120 1
1002777 #c火凤球 +1等级\n冰凤球 +1等级\n圣灵之盾 +1等级# 120 2
1002778 #c火眼晶晶 +1等级# 120 4
1002779 #c挑衅 +1等级# 120 8
1002780 #c极速领域 +1等级\n导航辅助 +1等级# 120 16
1002788 褐色猫咪耳 30 0
1002790 #突进 + 1等级# 120 1
1002791 #c火凤球 +1等级\n冰凤球 +1等级\n圣灵之盾 +1等级# 120 2
1002792 #c火眼晶晶 +1等级# 120 4
1002793 #c挑衅 +1等级# 120 8
1002794 #c极速领域 +1等级\n导航辅助 +1等级# 120 16
1002797 工作人员N的一次性接收器 10 0
1002798 头顶年糕 15 0
1002800 工作人员N的接收器 30 0
1002801 Raven Ninja Bandana 60 0
1002812 月亮花朵发夹 0 0
1002850 圣诞鹿变身帽 0 0
1002851 金鸡官帽 10 0
1002856 安全帽 30 0
1002857 安全帽 60 0
1002858 盖福克斯的帽子(力量) 10 0
1002859 盖福克斯的帽子(敏捷) 0 0
1002860 盖福克斯的帽子(智力) 0 0
1002861 盖福克斯的帽子(幸运) 0 0
1002867 可使用15天。 10 0
1002869 骑士团初心者帽子 0 0
1002880 冲锋者头盔 0 0
1002881 冲锋者头盔 0 0
1002924 勇敢的小羊帽子 0 0
1002925 卑鄙的狼帽子 0 0
1002940 冲锋者头盔 120 4
1002947 口罩灵感来自邪恶黑乌鸦。 70 0
1002948 口罩灵感来自邪恶黑乌鸦。 70 0
1002949 口罩灵感来自邪恶黑乌鸦。 70 0
1002959 冲锋者头盔 0 0
1002967 晴天娃娃耳麦 0 0
1002971 玩具品克缤帽子 13 0
1002980 作为遗物大会参与奖奖品的考古学\n家帽子 13 0
1002981 进入遗物大会Top10后可以获\n得的考古学家帽子 13 0
1002990 企鹅王的蓝色战斗头盔 35 1
1002991 企鹅王的黑星魔法帽 35 2
1002992 企鹅王的红箭翎三角帽 35 4
1002993 企鹅王的黑防风帽 35 8
1002994 企鹅王的海盗睡帽 35 16
1003016 野狼头巾 70 0
1003023 暴力熊帽 80 0
1003024 暴力熊帽 80 0
1003025 心疤狮王帽 80 0
1003026 心疤狮王帽 80 0
1003027 送给新世界“'雪狼”最早的定居\n者的礼物。 20 0
1003031 印第安老斑鸠帽子 18 1
1003032 牛魔王帽子 18 2
1003033 沃勒福帽子 18 8
1003034 黑暗独角兽帽子 18 4
1003035 雪之猫女帽子 18 16
1003036 符咒独眼野猪帽子 25 0
1003039 时间旅行者头环 93 0
1003073 口罩灵感来自邪恶黑乌鸦。 13 0
1003075 白发箍 3 0
1003110 蓝色枫叶头巾 13 0
1003111 白色枫叶头巾 30 0
1003266 飘在头顶的石头 25 0
1003267 帅气海盗帽 100 0
1003270 活动黑色之翼帽子 0 0
1003283 深渊迷踪帽 125 8
1003286 无双玄妙帽 125 2
1003288 无双迷踪帽 125 8
1003293 斯卡班·雷昂头盔 125 8
1003300 飞侠绿帽 10 8
1003305 飞侠黑头巾 15 8
1003310 绿自由之帽 20 8
1003312 紫矿骑士头盔 25 1
1003314 红提贝之帽 25 8
1003315 兵长头巾 25 16
1003316 枪骑士头盔 30 1
1003319 褐假面帽 30 8
1003324 黑防风帽 35 8
1003329 黑海盗头巾 40 8
1003334 红黑太阳帽 50 8
1003336 将军青头盔 60 1
1003344 红天空之帽 70 8
1003391 鬼节南瓜帽 10 0
1003418 头顶一块年糕 30 0
1003419 头顶两块年糕 40 0
1003446 君主迅捷头箍 130 8
1003592 豪华赫尔巴斯头箍 130 8
1003604 月夜见尊的帽子 150 8
1003619 紫色高级帽子 60 8
1003773 皇家迅捷头箍 130 8
1003800 高贵刺客软帽 150 8
1003856 俗气的海盗船长帽 100 0
1003857 过时的海盗船长帽 100 0
1003858 贪婪的海盗船长帽 125 0
1004232 芬撒里尔追踪者帽 140 8
1004637 愤怒的扎昆头盔 150 0
1102000 绿色冒险披风 50 0
1102001 蓝色冒险披风 50 0
1102002 红色冒险披风 50 0
1102003 白色冒险披风 50 0
1102004 黑色冒险披风 50 0
1102011 蓝色守护披风 55 0
1102012 红色守护披风 55 0
1102013 白色守护披风 55 0
1102014 黑色守护披风 55 0
1102015 蓝色魔法披风 60 0
1102016 红色魔法披风 60 0
1102017 白色魔法披风 60 0
1102018 黑色魔法披风 60 0
1102021 蓝斗士披风 65 0
1102022 红斗士披风 65 0
1102023 白斗士披风 65 0
1102024 黑斗士披风 65 0
1102026 绿妖精披风 75 0
1102027 蓝妖精披风 75 0
1102028 红妖精披风 75 0
1102029 白妖精披风 75 0
1102030 黑妖精披风 75 0
1102031 绿龙纹披风 85 0
1102032 紫龙纹披风 85 0
1102033 红龙纹披风 85 0
1102034 蓝龙纹披风 85 0
1102035 黑龙纹披风 85 0
1102040 表示浪人的黄色披风 50 0
1102041 表示浪人的粉红披风 50 0
1102042 表示浪人的紫色披风 50 0
1102043 表示浪人的褐色披风 50 0
1102046 侯爵披风 95 0
1102047 伯爵披风 95 0
1102048 公爵披风 95 0
1102053 破披风 25 0
1102054 蓝魔力披风 42 0
1102055 小丑披风 42 0
1102056 恶魔之翼 42 0
1102057 小丑披风 100 0
1102061 氧气桶 30 0
1102064 兽皮披风 65 0
1102078 月食披风 75 0
1102079 破旧的红色披风 25 0
1102080 破旧的蓝色披风 25 0
1102081 破旧的黄色披风 25 0
1102082 破旧的黑色披风 25 0
1102083 破旧的红色披风 25 0
1102084 粉红盖亚披风 65 0
1102085 黄色盖亚披风 65 0
1102086 紫色盖亚披风 65 0
1102087 绿斗士披风 65 0
1102099 阿莫斯皇家披风 50 0
1102100 阿莫斯圣灵披风 50 0
1102101 传说的伊莱亚披风 1 65 0
1102102 传说的伊莱亚披风 2 65 0
1102103 传说的伊莱亚披风 3 65 0
1102104 希熙丽雅披风 1 65 0
1102105 希熙丽雅披风 2 65 0
1102106 希熙丽雅披风 3 65 0
1102109 表示浪人的褐色披风 35 0
1102135 证明蒙特鸠所属的上级炼金术士的\n披风 35 0
1102136 证明卡帕莱特所属的上级炼金术士\n的披风 35 0
1102139 证明蒙特鸠所属的上级炼金术士的\n披风 80 0
1102140 证明卡帕莱特所属的上级炼金术士\n的披风 80 0
1102143 扁担水桶披肩 0 0
1102145 阿超级强大的外衣，这提高了佩戴\n的速度，力量和运动的战斗。 50 0
1102146 神秘的开普敦基于格雷斯' Al\nien技术。最好穿的是精神毅力。 60 0
1102147 玩具匠人披风 40 0
1102165 塔鲁之魂斗篷 80 1
1102166 枫叶披风 20 0
1102167 枫叶披风 40 0
1102168 枫叶披风 70 0
1102172 永恒不灭披风 120 0
1102174 工作人员披风 10 0
1102176 Stirgeman角 20 0
1102177 Stirgeman褴褛的角 25 0
1102178 Stirgeman马可福音二角 35 0
1102179 角谷三Stirgeman 45 0
1102180 角谷四Stirgeman 50 0
1102181 Stirgeman的斗篷Wiliness 50 0
1102182 Stirgeman的斗篷黑暗 50 0
1102183 Stirgeman的斗篷司法 75 0
1102191 角Nathian 50 0
1102192 愤怒的El纳特 100 0
1102193 斗篷腐败 60 0
1102194 寿衣的扎库姆 120 0
1102205 绯红之心披风 90 0
1102206 黑色野兽披风 100 0
1102207 金魂披风 120 0
1102211 战神的披风 0 0
1102226 海军旧将披风 60 0
1102227 海军将校披风 70 0
1102236 神秘的开普敦基于格雷斯' Al\nien技术。最好穿的是精神毅力。 0 0
1040000 黄金铠甲 40 1
1040002 白棉T恤 0 0
1040003 褐色皮甲 20 4
1040004 蓝修炼服 8 2
1040006 白色背心 0 0
1040007 绿连帽弓箭手服 15 4
1040008 褐旅行服 10 4
1040009 铁胸甲 15 1
1040010 灰棉T恤 0 0
1040011 银连帽弓箭手服 15 4
1040012 蓝军官铠甲 20 1
1040013 白线青T恤 11 0
1040014 橙色运动T恤 11 0
1040015 褐战士甲 10 1
1040016 紫矿军官铠甲 25 1
1040017 灰修炼服 8 2
1040018 黑伽蓝 18 2
1040019 朱红伽藍 18 2
1040020 蓝伽藍 18 2
1040021 红龙服 30 1
1040022 绿打猎服 25 4
1040023 黑打猎服 25 4
1040024 蓝打猎服 25 4
1040025 红打猎服 25 4
1040026 绿龙服 30 1
1040028 苍天衣 32 1
1040029 青龙衣 35 1
1040030 金龙衣 35 1
1040031 青梦 10 8
1040032 红梦 10 8
1040033 黑梦 10 8
1040034 黑夜 15 8
1040035 青夜 15 8
1040036 海魂衫 0 0
1040037 青铜胸甲 15 1
1040038 蓝战士甲 10 1
1040039 红军官铠甲 20 1
1040040 银军官铠甲 25 1
1040041 黑军官铠甲 25 1
1040042 蓝唐衫 20 8
1040043 红唐衫 20 8
1040044 黑唐衫 20 8
1040048 褐敏捷之服 25 8
1040049 蓝敏捷之服 25 8
1040050 黑敏捷之服 25 8
1040057 黑褐寂靜之服 30 8
1040058 黑银寂靜之服 30 8
1040059 红金寂靜之服 30 8
1040060 银黑寂靜之服 30 8
1040061 绿暗影之服 35 8
1040062 红暗影之服 35 8
1040063 黑暗影之服 35 8
1040067 绿浪人之服 30 4
1040068 黑浪人之服 30 4
1040069 红浪人之服 30 4
1040070 蓝浪人之服 30 4
1040071 草色旅行服 10 4
1040072 红守护之服 35 4
1040073 蓝守护之服 35 4
1040074 绿守护之服 35 4
1040075 黑守护之服 35 4
1040076 褐守护之服 35 4
1040079 褐贵族之服 40 4
1040080 黑贵族之服 40 4
1040081 白贵族之服 40 4
1040082 树林之影 40 8
1040083 沧海之影 40 8
1040084 黑暗之影 40 8
1040085 紫金铠甲 40 1
1040086 青金铠甲 40 1
1040087 篮板金铠甲 50 1
1040088 褐板金铠甲 50 1
1040089 黑板金铠甲 50 1
1040090 绿钢玉铠甲 60 1
1040091 红钢玉铠甲 60 1
1040092 蓝钢玉铠甲 60 1
1040093 黑钢玉铠甲 60 1
1040094 赤阳 50 8
1040095 青阳 50 8
1040096 黄阳 50 8
1040097 绿阳 50 8
1040098 白飞影之服 60 8
1040099 黄飞影之服 60 8
1040100 黑飞影之服 60 8
1040102 青铜暴风甲 70 1
1040103 锂矿暴风甲 70 1
1040104 紫矿暴风甲 70 1
1040105 褐玄武之甲 70 8
1040106 蓝玄武之甲 70 8
1040107 黑玄武之甲 70 8
1040108 绿隐者之服 80 8
1040109 红隐者之服 80 8
1040110 黑隐者之服 80 8
1040111 绿色崇高服 90 1
1040112 蓝色崇高服 90 1
1040113 黑色崇高服 90 1
1040115 蓝扣带护甲 90 8
1040116 褐扣带护甲 90 8
1040117 紫扣带护甲 90 8
1040118 红扣带护甲 90 8
1040120 绿龙纹战甲 100 1
1040121 蓝龙纹战甲 100 1
1040122 黑龙纹战甲 100 1
1040145 企鹅王的金龙衣 35 1
1040146 企鹅王的黑守护之服 35 4
1040147 企鹅王的黑暗影之服 35 8
1041002 白色无袖短T 0 0
1041003 红色旗袍 20 8
1041004 星形短T 11 0
1041006 黄色短T 0 0
1041007 绿色旅行服 10 4
1041008 绿皮制旅行服 15 4
1041010 绿色短T 0 0
1041011 红线无袖衫 0 0
1041012 黄色红线短T 11 0
1041013 绿硬皮装 20 4
1041014 黄皮制铠甲 10 1
1041015 黑棉制紧身衣 8 2
1041016 绿棉制紧身衣 8 2
1041017 紫锦丝紧身衣 13 2
1041018 绿锦丝紧身衣 13 2
1041019 红十字军甲 20 1
1041020 绿十字军甲 20 1
1041021 褐十字军甲 20 1
1041022 蓝骑士甲 25 1
1041023 天蓝骑士甲 25 1
1041024 红骑士甲 25 1
1041025 粉红锦丝紧身衣 13 2
1041026 黄锦丝紧身衣 13 2
1041027 红硬皮装 20 4
1041028 紫硬皮装 20 4
1041029 黑伽蓝 18 2
1041030 红伽蓝 18 2
1041031 紫伽蓝 18 2
1041032 绿打猎服 25 4
1041033 红打猎服 25 4
1041034 蓝打猎服 25 4
1041035 黄打猎服 25 4
1041036 红梦 10 8
1041037 青梦 10 8
1041038 黑梦 10 8
1041039 粉红旗袍 20 8
1041040 蓝色旗袍 20 8
1041041 紫色妖精之服 28 2
1041042 绿色妖精之服 28 2
1041043 蓝色妖精之服 28 2
1041044 赤夜 15 8
1041045 黄夜 15 8
1041046 粉红无袖衫 0 0
1041047 红寂靜之服 30 8
1041048 黑寂靜之服 30 8
1041049 蓝寂靜之服 30 8
1041050 紫寂靜之服 30 8
1041051 红神圣法衣 33 2
1041052 蓝神圣法衣 33 2
1041053 黑神圣法衣 33 2
1041054 绿浪人之服 30 4
1041055 黑浪人之服 30 4
1041056 红浪人之服 30 4
1041057 黑敏捷之服 25 8
1041058 红敏捷之服 25 8
1041059 蓝敏捷之服 25 8
1041060 绿敏捷之服 25 8
1041061 黄旅行服 10 4
1041062 黄皮制旅行服 15 4
1041063 黑皮制旅行服 15 4
1041064 蓝皮制铠甲 10 1
1041065 红守护之服 35 4
1041066 蓝守护之服 35 4
1041067 绿守护之服 35 4
1041068 黑守护之服 35 4
1041069 褐守护之服 35 4
1041074 花精之影 40 8
1041075 火焰之影 40 8
1041076 深夜之影 40 8
1041077 紫月 50 8
1041078 青月 50 8
1041079 黄月 50 8
1041080 赤月 50 8
1041081 白女贵族服 40 4
1041082 褐女贵族服 40 4
1041083 黑女贵族服 40 4
1041084 红镇月铠甲 40 1
1041085 黄镇月铠甲 40 1
1041086 黑镇月铠甲 40 1
1041087 红将军铠甲 50 1
1041088 褐将军铠甲 50 1
1041089 黑将军铠甲 50 1
1041091 绿钢玉铠甲 60 1
1041092 红钢玉铠甲 60 1
1041093 蓝钢玉铠甲 60 1
1041094 灰飞影之服 60 8
1041095 赤飞影之服 60 8
1041096 黑飞影之服 60 8
1041097 蓝暴风甲 70 1
1041098 紫暴风甲 70 1
1041099 红暴风甲 70 1
1041100 紫朱雀之甲 70 8
1041101 蓝朱雀之甲 70 8
1041102 粉红朱雀之甲 70 8
1041103 红朱雀之甲 70 8
1041105 绿隐者之服 80 8
1041106 红隐者之服 80 8
1041107 黑隐者之服 80 8
1041115 蓝扣带护甲 90 8
1041116 褐扣带护甲 90 8
1041117 紫扣带护甲 90 8
1041118 红扣带护甲 90 8
1041119 绿贵族铠甲 90 1
1041120 紫贵族铠甲 90 1
1041121 黑贵族铠甲 90 1
1041122 绿龙纹战甲 100 1
1041123 蓝龙纹战甲 100 1
1041124 黑龙纹战甲 100 1
1041148 企鹅王的红骑士甲 35 1
1041149 企鹅王的褐守护之服 35 4
1041150 企鹅王的紫寂靜之服 35 8
1042003 维泽特西装 0 0
1042167 朴素的武士服 0 0
1050000 白十字锁子甲 35 1
1050001 褐贤者之袍 23 2
1050002 红魔力长袍 33 2
1050003 蓝祭司长袍 28 2
1050005 蓝剑道服 20 1
1050006 红剑道服 20 1
1050007 白剑道服 20 1
1050008 褐魔法袍 13 2
1050009 蓝魔法袍 13 2
1050010 绿魔法袍 13 2
1050011 黑龙袍 30 1
1050018 在桑拿房穿这件衣服，可以更快恢\n复1。5倍。 30 0
1050021 蓝十字锁子甲 35 1
1050022 黑十字锁子甲 35 1
1050023 蓝贤者之袍 23 2
1050024 黄贤者之袍 23 2
1050025 白贤者之袍 23 2
1050026 白祭司长袍 28 2
1050027 黑祭司长袍 28 2
1050028 绿祭司长袍 28 2
1050029 黑魔力长袍 33 2
1050030 蓝魔力长袍 33 2
1050031 白魔力长袍 33 2
1050035 褐星光长袍 38 2
1050036 红星光长袍 38 2
1050037 绿星光长袍 38 2
1050038 蓝星光长袍 38 2
1050039 黑星光长袍 38 2
1050045 蓝魔法战士衣 48 2
1050046 红魔法战士衣 48 2
1050047 朱红魔法战士衣 48 2
1050048 白魔法战士衣 48 2
1050049 黑魔法战士衣 48 2
1050051 赤仙白宫 50 4
1050052 青仙白宫 50 4
1050053 蓝圣党之服 58 2
1050054 红圣党之服 58 2
1050055 白圣党之服 58 2
1050056 黑圣党之服 58 2
1050058 朱旋风甲 60 4
1050059 青旋风甲 60 4
1050060 赤旋风甲 60 4
1050061 蓝飘云之衣 70 4
1050062 黄飘云之衣 70 4
1050063 绿飘云之衣 70 4
1050064 黑飘云之衣 70 4
1050067 蓝天上之衣 68 2
1050068 红天上之衣 68 2
1050069 褐天上之衣 68 2
1050070 黑天上之衣 68 2
1050072 绿神仙之服 78 2
1050073 蓝神仙之服 78 2
1050074 黑神仙之服 78 2
1050075 红宫衣 80 4
1050076 蓝宫衣 80 4
1050077 绿宫衣 80 4
1050078 黑宫衣 80 4
1050080 绿白银铠甲 80 1
1050081 红白银铠甲 80 1
1050082 蓝白银铠甲 80 1
1050083 黑白银铠甲 80 1
1050088 红疾风服 90 4
1050089 蓝疾风服 90 4
1050090 绿疾风服 90 4
1050091 黑疾风服 90 4
1050092 绿祭司长袍 88 2
1050093 蓝祭司长袍 88 2
1050094 红祭司长袍 88 2
1050095 黑祭司长袍 88 2
1050096 绿侠盗服 100 8
1050097 蓝侠盗服 100 8
1050098 红侠盗服 100 8
1050099 黑侠盗服 100 8
1050100 蓝浴巾 20 0
1050102 绿幻魔长袍 98 2
1050103 蓝幻魔长袍 98 2
1050104 红幻魔长袍 98 2
1050105 灰幻魔长袍 98 2
1050106 绿飞羽服 100 4
1050107 蓝飞羽服 100 4
1050108 红飞羽服 100 4
1050127 浴巾 20 0
1050131 在桑拿房穿这件衣服，可以更快恢\n复1。5倍。 0 0
1050132 在桑拿房穿这件衣服，可以更快恢\n复1。5倍。 0 0
1050133 在桑拿房穿这件衣服，可以更快恢\n复1。5倍。 0 0
1050134 在桑拿房穿这件衣服，可以更快恢\n复1。5倍。 0 0
1050155 企鹅王的白魔力长袍 33 2
1051000 钢铁铠甲 15 1
1051001 祖母绿铠甲 35 1
1051003 褐贤者之袍 23 2
1051004 紫贤者之袍 23 2
1051005 红贤者之袍 23 2
1051006 黑飞影甲 35 8
1051007 红飞影甲 35 8
1051008 蓝飞影甲 35 8
1051009 紫飞影甲 35 8
1051010 黑护身铠甲 30 1
1051011 红护身铠甲 30 1
1051012 蓝护身铠甲 30 1
1051013 黄护身铠甲 30 1
1051014 蓝宝石铠甲 35 1
1051015 赤红铠甲 35 1
1051016 银制铠甲 35 1
1051017 在桑拿房穿这件衣服，可以更快恢\n复1。5倍。 30 0
1051023 紫色月光服 38 2
1051024 红色月光服 38 2
1051025 蓝色月光服 38 2
1051026 黑色月光服 38 2
1051027 褐色月光服 38 2
1051030 黑妖精礼服 48 2
1051031 白妖精礼服 48 2
1051032 蓝妖精礼服 48 2
1051033 红妖精礼服 48 2
1051034 朱红妖精礼服 48 2
1051037 蓝贵族礼服 50 4
1051038 绿贵族礼服 50 4
1051039 红贵族礼服 50 4
1051041 赤草露 60 4
1051042 蓝草露 60 4
1051043 黄草露 60 4
1051044 蓝神圣服 58 2
1051045 红神圣服 58 2
1051046 白神圣服 58 2
1051047 黑神圣服 58 2
1051052 蓝天上之衣 68 2
1051053 红天上之衣 68 2
1051054 褐天上之衣 68 2
1051055 黑天上之衣 68 2
1051056 绿神仙之服 78 2
1051057 紫神仙之服 78 2
1051058 黑神仙之服 78 2
1051062 蓝飘云之衣 70 4
1051063 褐飘云之衣 70 4
1051064 绿飘云之衣 70 4
1051065 黑飘云之衣 70 4
1051066 红宫衣 80 4
1051067 蓝宫衣 80 4
1051068 绿宫衣 80 4
1051069 黑宫衣 80 4
1051077 黄白银铠甲 80 1
1051078 红白银铠甲 80 1
1051079 蓝白银铠甲 80 1
1051080 黑白银铠甲 80 1
1051082 红色高丽贵妇袍 90 4
1051083 蓝色高丽贵妇袍 90 4
1051084 绿色高丽贵妇袍 90 4
1051085 黑色高丽贵妇袍 90 4
1051090 绿侠盗服 100 8
1051091 蓝侠盗服 100 8
1051092 红侠盗服 100 8
1051093 黑侠盗服 100 8
1051094 绿祭司长袍 88 2
1051095 蓝祭司长袍 88 2
1051096 红祭司长袍 88 2
1051097 黑祭司长袍 88 2
1051098 红浴巾 20 0
1051101 绿幻魔长袍 98 2
1051102 蓝幻魔长袍 98 2
1051103 红幻魔长袍 98 2
1051104 灰幻魔长袍 98 2
1051105 绿飞羽服 100 4
1051106 蓝飞羽服 100 4
1051107 红飞羽服 100 4
1051140 黄色沐浴巾 20 0
1051150 逢春节，中国民间盛行舞狮。 0 0
1051151 逢春节，中国民间盛行舞狮。 0 0
1051152 逢春节，中国民间盛行舞狮。 0 0
1051153 逢春节，中国民间盛行舞狮。 0 0
1051191 企鹅王的红贤者之袍 35 2
1052071 红色斗篷 110 4
1052072 黑色格丽纳 110 8
1052075 蓝龙装甲 110 1
1052076 青龙长袍 108 2
1052081 青苹果套装 0 0
1052095 小海盗套装 10 16
1052098 海盗套装 15 16
1052101 海盗马甲 20 16
1052104 海盗头目装 25 16
1052107 甲板兵服 30 16
1052110 了望手 35 16
1052113 冲锋兵 40 16
1052116 武备软甲 50 16
1052119 士官服 60 16
1052122 保镖服 70 16
1052125 高军服 80 16
1052128 功勋海盗服 90 16
1052131 船长服 100 16
1052134 海盗大衣 110 16
1052148 戮魔猎手护甲 70 21
1052149 戮魔猎手法衣 70 10
1052155 #c阿基里斯 +1等级# 120 1
1052156 #c终极无限 +1等级# 118 2
1052157 #c击退箭 +1等级\n刺眼箭 +1等级# 120 4
1052158 #c假动作 +1等级# 120 8
1052159 #c超级变身 +1等级\n武装 +1等级# 120 16
1052160 #c阿基里斯 +1等级# 120 1
1052161 #c终极无限 +1等级# 118 2
1052162 #c击退箭 +1等级\n刺眼箭 +1等级# 120 4
1052163 #c假动作 +1等级# 120 8
1052164 #c超级变身 +1等级\n武装 +1等级# 120 16
1052165 降落伞工作人员套装 10 0
1052166 无敌工作人员套装 30 0
1052167 最强工作人员套装 50 0
1052173 普通管理员制服 1 0
1052177 骑士团初心者长袍 0 0
1052202 玩具品克缤套服 13 0
1052208 企鹅王的了望手服装 35 16
1052217 逢春节，中国民间盛行舞狮。 37 0
1060000 黑金裤 40 1
1060002 蓝牛仔短裤 0 0
1060004 灰色橡胶裤 11 0
1060005 密林部队裤 26 0
1060006 黄牛仔短裤 0 0
1060007 蓝马裤 5 0
1060008 褐色战士裤 10 1
1060009 铁板裤 15 1
1060010 钢铁军官裙 20 1
1060011 紫矿军官裙 25 1
1060012 蓝修炼裤 8 2
1060013 灰修炼裤 8 2
1060014 黑伽蓝裤 18 2
1060015 白伽蓝裤 18 2
1060016 黑武裤 30 1
1060017 白武裤 30 1
1060018 红武裤 30 1
1060019 黄武裤 30 1
1060020 半白武裤 35 1
1060021 青梦裤 10 8
1060022 红梦裤 10 8
1060023 黑梦裤 10 8
1060024 黑夜裤 15 8
1060025 青夜裤 15 8
1060026 蓝条内裤 0 0
1060027 褐色铁板裤子 15 1
1060028 蓝色战士裤 10 1
1060029 红军官裙 20 1
1060030 黑军官裙 25 1
1060031 蓝唐衫裤 20 8
1060032 红唐衫裤 20 8
1060033 黑唐衫裤 20 8
1060037 黑褐敏捷之裤 25 8
1060038 褐敏捷之裤 25 8
1060039 黑敏捷之裤 25 8
1060043 黑褐寂靜之裤 30 8
1060044 黑银寂靜之裤 30 8
1060045 红金寂靜之裤 30 8
1060046 银黑寂靜之裤 30 8
1060050 蓝暗影之裤 35 8
1060051 红暗影之裤 35 8
1060052 黑暗影之裤 35 8
1060056 绿浪人之裤 30 4
1060057 黑浪人之裤 30 4
1060058 红浪人之裤 30 4
1060059 蓝浪人之裤 30 4
1060060 银军官裤 25 1
1060061 红守护之裤 35 4
1060062 蓝守护之裤 35 4
1060063 绿守护之裤 35 4
1060064 黑守护之裤 35 4
1060065 褐守护之裤 35 4
1060068 黑贵族裤 40 4
1060069 褐贵族裤 40 4
1060070 蓝贵族裤 40 4
1060071 树林之裤 40 8
1060072 沧海之裤 40 8
1060073 黑暗之裤 40 8
1060074 白金裤 40 1
1060075 黄金裤 40 1
1060076 蓝板金裤 50 1
1060077 褐板金裤 50 1
1060078 黑板金裤 50 1
1060079 绿钢玉裤 60 1
1060080 红钢玉裤 60 1
1060081 蓝钢玉裤 60 1
1060082 黑钢玉裤 60 1
1060083 赤阳裤 50 8
1060084 青阳裤 50 8
1060085 黄阳裤 50 8
1060086 绿阳裤 50 8
1060087 白飞影之裤 60 8
1060088 黄飞影之裤 60 8
1060089 黑飞影之裤 60 8
1060090 青铜暴风裤 70 1
1060091 锂矿暴风裤 70 1
1060092 紫矿暴风裤 70 1
1060093 褐玄武之裤 70 8
1060094 蓝玄武之裤 70 8
1060095 黑玄武之裤 70 8
1060097 绿隐者之裤 80 8
1060098 红隐者之裤 80 8
1060099 黑隐者之裤 80 8
1060100 绿色崇高裤 90 1
1060101 蓝色崇高裤 90 1
1060102 黑色崇高裤 90 1
1060104 蓝色霹雳裤 90 8
1060105 褐色霹雳裤 90 8
1060106 粉色霹雳裤 90 8
1060107 红色霹雳裤 90 8
1060109 绿龙纹裤 100 1
1060110 蓝龙纹裤 100 1
1060111 黑龙纹裤 100 1
1060127 Stirgeman's Utility Pants 20 0
1060128 Stirgeman Utility Pants Mk II 30 0
1060129 Stirgeman Utility Pants Mk III 40 0
1060130 Stirgeman Utility Pants Mk IV 60 0
1060131 Stirgeman Utility Pants Mk V 60 0
1060132 Stirgeman Power Pants 70 0
1060133 Stirgeman Power Pants Mk II 90 0
1060134 企鹅王的半白武裤 35 1
1060135 企鹅王的黑守护之裤 35 4
1060136 企鹅王的黑暗影之裤 35 8
1061002 红超短裙 0 0
1061003 红飞侠女裤 20 8
1061006 绿旅行皮裙 15 4
1061008 蓝超短裙 0 0
1061009 绿色旅行裙 10 4
1061010 黑棉制紧身裙 8 2
1061011 绿棉制紧身裙 8 2
1061012 紫锦丝紧身裙 13 2
1061013 绿锦丝紧身裙 13 2
1061014 红皮甲裤 10 1
1061015 蓝骑士裙 25 1
1061016 红十字军裙 20 1
1061017 绿十字军裙 20 1
1061018 褐十字军裙 20 1
1061019 天蓝骑士裙 25 1
1061020 红骑士裙 25 1
1061021 粉红锦丝紧身裙 13 2
1061022 黄锦丝紧身裙 13 2
1061023 黑皮甲裤 10 1
1061024 绿硬皮裙 20 4
1061025 红硬皮裙 20 4
1061026 紫硬皮裙 20 4
1061027 黑伽蓝裙 18 2
1061028 白伽蓝裙 18 2
1061029 红梦裤 10 8
1061030 青梦裤 10 8
1061031 黑梦裤 10 8
1061032 紫飞侠女裤 20 8
1061033 蓝飞侠女裤 20 8
1061034 紫色妖精裙 28 2
1061035 绿色妖精裙 28 2
1061036 蓝色妖精裙 28 2
1061037 赤夜裤 15 8
1061038 黄夜裤 15 8
1061039 粉红棉内裤 0 0
1061040 红旗袍裙 22 8
1061041 紫旗袍裙 22 8
1061042 蓝旗袍裙 22 8
1061043 红寂靜裙 30 8
1061044 黑寂靜裙 30 8
1061045 蓝寂靜裙 30 8
1061046 紫寂靜裙 30 8
1061047 红神圣裙 33 2
1061048 蓝神圣裙 33 2
1061049 黑神圣裙 33 2
1061050 绿浪人裙 30 4
1061051 黑浪人裙 30 4
1061052 红浪人裙 30 4
1061053 黑敏捷裤 25 8
1061054 红敏捷裤 25 8
1061055 蓝敏捷裤 25 8
1061056 绿敏捷裤 25 8
1061057 黄旅行裙 10 4
1061058 褐旅行皮裙 15 4
1061059 灰旅行皮裙 15 4
1061060 红守护裤 35 4
1061061 蓝守护裤 35 4
1061062 绿守护裤 35 4
1061063 黑守护裤 35 4
1061064 褐守护裤 35 4
1061069 树林之裤 40 8
1061070 沧海之裤 40 8
1061071 黑暗之裤 40 8
1061076 紫月裤 50 8
1061077 青月裤 50 8
1061078 黄月裤 50 8
1061079 赤月裤 50 8
1061080 白贵族裙 40 4
1061081 褐贵族裙 40 4
1061082 黑贵族裙 40 4
1061083 红镇月裙 40 1
1061084 黄镇月裙 40 1
1061085 黑镇月裙 40 1
1061086 红将军裤 50 1
1061087 褐将军裤 50 1
1061088 黑将军裤 50 1
1061090 绿钢玉裙 60 1
1061091 红钢玉裙 60 1
1061092 蓝钢玉裙 60 1
1061093 灰飞影之裤 60 8
1061094 赤飞影之裤 60 8
1061095 黑飞影之裤 60 8
1061096 蓝暴风裤 70 1
1061097 紫暴风裤 70 1
1061098 红暴风裤 70 1
1061099 紫朱雀之裤 70 8
1061100 蓝朱雀之裤 70 8
1061101 粉红朱雀之裤 70 8
1061102 红朱雀之裤 70 8
1061104 绿骷髅皮裙 80 8
1061105 红骷髅皮裙 80 8
1061106 黑骷髅皮裙 80 8
1061114 蓝色霹雳裤 90 8
1061115 褐色霹雳裤 90 8
1061116 粉色霹雳裤 90 8
1061117 红色霹雳裤 90 8
1061118 绿色虎头裙 90 1
1061119 粉色虎头裙 90 1
1061120 红色虎头裙 90 1
1061121 绿龙纹裙 100 1
1061122 紫龙纹裙 100 1
1061123 黑龙纹裙 100 1
1061149 Stirgeman's Utility Skirt 20 0
1061150 Stirgeman Utility Skirt Mk II 30 0
1061151 Stirgeman Utility Skirt Mk III 40 0
1061152 Stirgeman Utility Skirt Mk IV 60 0
1061153 Stirgeman Utility Skirt Mk V 60 0
1061154 Stirgeman Power Skirt 70 0
1061155 Stirgeman Power Skirt Mk II 90 0
1061156 企鹅王的红骑士裙 35 1
1061157 企鹅王的褐守护裤 35 4
1061158 企鹅王的紫寂靜裙 35 8
1062000 白牛仔裤 16 0
1062001 蓝牛仔裤 16 0
1062002 褐色皮制裤 20 4
1062004 绿色皮裤 10 4
1062006 打猎裤 25 4
1062007 维泽特西裤 0 0
1062115 朴素的武士裤 0 0
1092000 钢盾 15 1
1092001 三角赤盾 25 1
1092002 红十字盾牌 30 1
1092003 木盾 5 0
1092004 骷髅盾 50 1
1092005 木制圆盾 10 1
1092006 锂矿圆盾 20 1
1092007 战斗盾牌 35 1
1092008 锅盖 10 0
1092009 古老木盾 60 1
1092010 古老银盾 60 1
1092011 古老朱矿盾 60 1
1092012 钢铁方盾 40 1
1092013 锂矿方盾 40 1
1092014 朱矿方盾 40 1
1092015 钢铁古盾牌 70 1
1092016 银古盾牌 70 1
1092017 黄金古盾牌 70 1
1092018 飞侠盾牌 22 8
1092019 褐色飞侠盾牌 22 8
1092020 黑色飞侠盾牌 22 8
1092021 光子盾 22 2
1092022 调色板盾牌 30 0
1092023 铜狮鹫盾 80 1
1092024 银狮鹫盾 80 1
1092025 金狮鹫盾 80 1
1092026 铜圣十字盾 90 1
1092027 银圣十字盾 90 1
1092028 金圣十字盾 90 1
1092029 电磁光盾 33 2
1092030 枫叶盾 20 0
1092035 可乐战盾 30 0
1092036 绿色臂盾 100 1
1092037 紫色臂盾 100 1
1092038 蓝色臂盾 100 1
1092041 习得技能盾牌 120 1
1092042 铁甲盾牌 120 1
1092045 冒险岛魔法师盾牌 64 2
1092046 冒险岛战士盾牌 64 1
1092047 冒险岛飞侠盾牌 64 8
1092049 热情剑盾 120 8
1092050 冷艳剑盾 80 8
1092052 一个极为坚实后盾充满力量的老战\n士。 Shield是传言，随着\n时间的推移变得更加强大。 20 0
1092057 #c魔法反击 +1等级# 120 2
1092058 #c寒冰掌 +1等级# 120 1
1092059 #c忍者伏击 +1等级# 120 8
1092060 青龙盾牌 110 1
1092061 圣十字护盾 100 1
1071049 无限原子鞋 75 1
1071050 无限原子鞋 75 4
1071051 无限原子鞋 75 2
1071052 无限原子鞋 75 8
1071053 无限原子鞋 75 16
1071054 无限离子鞋 75 1
1071055 无限离子鞋 75 4
1071056 无限离子鞋 75 2
1071057 无限离子鞋 75 8
1071058 无限离子鞋 75 16
1071059 无限光子鞋 75 1
1071060 无限光子鞋 75 4
1071061 无限光子鞋 75 2
1071062 无限光子鞋 75 8
1071063 无限光子鞋 75 16
1071064 公正鞋 75 1
1071065 公正鞋 75 4
1071066 公正鞋 75 2
1071067 公正鞋 75 8
1071068 公正鞋 75 16
1071069 暴风雪鞋 75 1
1071070 暴风雪鞋 75 4
1071071 暴风雪鞋 75 2
1071072 暴风雪鞋 75 8
1071073 暴风雪鞋 75 16
1072000 黄金月长靴 40 1
1072001 红橡胶长靴 0 0
1072002 铁头皮鞋 35 1
1072003 绿斗士鞋 30 1
1072004 白橡胶鞋 11 0
1072005 皮制凉鞋 0 0
1072006 褐马车鞋 10 2
1072007 褐旅行鞋 20 1
1072008 褐短鞋 16 0
1072009 钢铁斗士鞋 15 1
1072011 锂矿战斗鞋 25 1
1072012 红皮鞋 26 0
1072015 褐硬皮鞋 10 4
1072016 绿软布鞋 15 4
1072017 蓝多罗鞋 21 0
1072018 蓝帆布鞋 31 0
1072019 蓝宝石鞋 20 2
1072020 紫宝石鞋 20 2
1072021 红宝石鞋 20 2
1072022 黑漆皮鞋 20 8
1072023 褐安全鞋 15 2
1072024 黑安全鞋 15 2
1072025 鹿毛鞋 20 4
1072026 兔毛鞋 20 4
1072027 皮质鞋子 25 4
1072028 白忍者涼鞋 15 8
1072029 黄忍者涼鞋 15 8
1072030 蓝忍者涼鞋 15 8
1072031 红忍者涼鞋 15 8
1072032 青铜链鞋 30 8
1072033 钢铁链鞋 30 8
1072034 绿皮质鞋子 25 4
1072035 银链鞋 30 8
1072036 金链鞋 30 8
1072037 黄橡胶长靴 0 0
1072038 蓝橡胶长靴 0 0
1072039 蓝斗士鞋 30 1
1072040 银斗士鞋 30 1
1072041 红斗士鞋 30 1
1072042 黑橡胶鞋 11 0
1072043 脏橡胶鞋 11 0
1072044 黄马车鞋 10 2
1072045 蓝马车鞋 10 2
1072046 黄旅行鞋 20 1
1072047 蓝旅行鞋 20 1
1072048 黄短鞋 16 0
1072049 绿短鞋 16 0
1072050 青铜鞋 15 1
1072051 银战斗鞋 25 1
1072052 黑战斗鞋 25 1
1072053 金战斗鞋 25 1
1072054 朱红皮鞋 26 0
1072055 粉红皮鞋 26 0
1072056 蓝皮鞋 26 0
1072059 绿硬皮鞋 10 4
1072060 褐软布鞋 15 4
1072061 蓝软布鞋 15 4
1072062 红多罗鞋 21 0
1072063 褐多罗鞋 21 0
1072064 红帆布鞋 31 0
1072065 红漆皮鞋 20 8
1072066 蓝漆皮鞋 20 8
1072067 熊毛鞋 20 4
1072068 狮子毛鞋 20 4
1072069 红皮质鞋子 25 4
1072070 蓝冒险鞋 10 8
1072071 褐冒险鞋 10 8
1072072 银飘风鞋 25 2
1072073 黄飘风鞋 25 2
1072074 黑飘风鞋 25 2
1072075 红魔法鞋 30 2
1072076 蓝魔法鞋 30 2
1072077 白魔法鞋 30 2
1072078 黑魔法鞋 30 2
1072079 红打猎鞋 30 4
1072080 蓝打猎鞋 30 4
1072081 绿打猎鞋 30 4
1072082 黑打猎鞋 30 4
1072083 褐打猎鞋 30 4
1072084 蓝追击鞋 25 8
1072085 红追击鞋 25 8
1072086 绿追击鞋 25 8
1072087 黑追击鞋 25 8
1072089 紫守护鞋 35 2
1072090 红守护鞋 35 2
1072091 黑守护鞋 35 2
1072101 蓝锦丝鞋 35 4
1072102 绿锦丝鞋 35 4
1072103 红锦丝鞋 35 4
1072104 红杨柳鞋 35 8
1072105 绿杨柳鞋 35 8
1072106 蓝杨柳鞋 35 8
1072107 红流星鞋 40 8
1072108 绿流星鞋 40 8
1072109 黄流星鞋 40 8
1072110 蓝流星鞋 40 8
1072112 蓝铁头鞋 35 1
1072113 黑铁头鞋 35 1
1072114 红月鞋 40 2
1072115 蓝月鞋 40 2
1072116 黄月鞋 40 2
1072117 黑月鞋 40 2
1072118 红精灵鞋 40 4
1072119 黄精灵鞋 40 4
1072120 褐精灵鞋 40 4
1072121 蓝精灵鞋 40 4
1072122 褐空空鞋 50 4
1072123 绿空空鞋 50 4
1072124 蓝空空鞋 50 4
1072125 紫空空鞋 50 4
1072126 紫金月鞋 40 1
1072127 蓝金月鞋 40 1
1072128 蓝雷电鞋 50 8
1072129 绿雷电鞋 50 8
1072130 红雷电鞋 50 8
1072131 紫雷电鞋 50 8
1072132 祖母绿将军靴 50 1
1072133 锂矿蓝将军靴 50 1
1072134 紫矿将军靴 50 1
1072135 黄金将军靴 50 1
1072136 粉红天使靴 60 2
1072137 绿天使鞋 60 2
1072138 黄天使鞋 60 2
1072139 蓝天使鞋 60 2
1072140 粉红黄金风 50 2
1072141 蓝黄金风 50 2
1072142 紫黄金风 50 2
1072143 绿黄金风 50 2
1072144 紫花精鞋 60 4
1072145 蓝花精鞋 60 4
1072146 绿花精鞋 60 4
1072147 蓝十字鞋 60 1
1072148 紫十字鞋 60 1
1072149 红十字鞋 60 1
1072150 红无痕之鞋 60 8
1072151 金无痕之鞋 60 8
1072152 黑无痕之鞋 60 8
1072154 蓝飞魂鞋 70 1
1072155 紫飞魂鞋 70 1
1072156 黑飞魂鞋 70 1
1072157 蓝水晶凉鞋 70 2
1072158 红水晶凉鞋 70 2
1072159 褐水晶凉鞋 70 2
1072160 金水晶凉鞋 70 2
1072161 紫龙皮鞋 70 8
1072162 蓝龙皮鞋 70 8
1072163 红龙皮鞋 70 8
1072164 蓝箭魂鞋 70 4
1072165 黄箭魂鞋 70 4
1072166 绿箭魂鞋 70 4
1072167 黑箭魂鞋 70 4
1072168 新娘所穿的传统高雅高跟鞋。 30 1
1072169 新娘所穿的传统高雅高跟鞋。 30 2
1072170 新娘所穿的传统高雅高跟鞋。 30 4
1072171 新娘所穿的传统高雅高跟鞋。 30 8
1072172 绿飞影鞋 80 8
1072173 红飞影鞋 80 8
1072174 黑飞影鞋 80 8
1072177 绿密林之鞋 80 2
1072178 紫密林之鞋 80 2
1072179 黑密林之鞋 80 2
1072182 蓝飞翼鞋 80 4
1072183 红飞翼鞋 80 4
1072184 绿飞翼鞋 80 4
1072185 黑飞翼鞋 80 4
1072192 蓝扣带靴 90 8
1072193 褐扣带靴 90 8
1072194 紫扣带靴 90 8
1072195 红扣带靴 90 8
1072196 黄鳞甲靴 90 1
1072197 紫鳞甲靴 90 1
1072198 银鳞甲靴 90 1
1072203 夜精灵靴(红) 90 4
1072204 夜精灵靴(绿) 90 4
1072205 夜精灵靴(黑) 90 4
1072206 杰斯特鞋(蓝) 90 2
1072207 杰斯特鞋(绿) 90 2
1072208 杰斯特鞋(红) 90 2
1072209 杰斯特鞋(黑) 90 2
1072210 红宝石靴 80 1
1072211 蓝宝石靴 80 1
1072212 黄宝石靴 80 1
1072213 侠盗长靴(绿) 100 8
1072214 侠盗长靴(蓝) 100 8
1072215 侠盗长靴(红) 100 8
1072216 侠盗长靴(黑) 100 8
1072220 龙纹战靴(绿) 100 1
1072221 龙纹战靴(蓝) 100 1
1072222 龙纹战靴(灰) 100 1
1072223 杰斯特鞋(绿) 100 2
1072224 杰斯特鞋(蓝) 100 2
1072225 杰斯特鞋(红) 100 2
1072226 杰斯特鞋(灰) 100 2
1072227 飞羽鞋(红) 100 4
1072228 飞羽鞋(蓝) 100 4
1072229 飞羽鞋(绿) 100 4
1072238 新娘所穿的传统高雅高跟鞋。 80 0
1072239 新娘所穿的传统高雅高跟鞋。 50 0
1072261 黄色橡皮鞋 21 0
1072262 黑色桃乐斯皮鞋 21 0
1072263 绿色橡皮鞋 21 0
1072264 银色桃乐斯皮鞋 21 0
1072268 蓝色元素鞋 110 2
1072269 红猎人鞋 110 4
1072272 黑格丽纳鞋 110 8
1072273 青龙长鞋 110 1
1072275 芬拉的拖鞋 30 0
1072285 水手拖鞋 15 16
1072288 凉鞋 20 16
1072291 圆头木鞋 25 16
1072294 防水靴 30 16
1072297 防污靴 35 16
1072300 钩魂铁脚 40 16
1072303 头目靴 50 16
1072306 鲨鱼皮鞋 60 16
1072309 扬波 70 16
1072312 伏波 80 16
1072315 指挥官 90 16
1072318 翻江 100 16
1072321 镇海 110 16
1072338 猪八戒专用的僧鞋。配合猪八戒的\n体型，而加大尺码，穿起来舒适自\n在。 30 16
1072342 戮魔猎手胫甲 70 21
1072343 戮魔猎手战靴 70 10
1072344 践踏血钉 50 0
1072345 戮魔猎手胫甲 50 4
1072346 戮魔猎手战靴 50 8
1072355 #c稳如泰山 +1等级# 120 1
1072356 #c创世之破 +1等级# 120 2
1072357 #c飞龙冲击波 +1等级# 120 4
1072358 #c暗器伤人 +1等级\n暗杀 +1等级# 120 8
1072359 #c潜龙出渊 +1等级\n重量炮击 +1等级# 120 16
1072360 限量版沙滩凉鞋 0 0
1072361 #c稳如泰山 +1等级# 120 1
1072362 #c创世之破 +1等级# 120 2
1072363 #c飞龙冲击波 +1等级# 120 4
1072364 #c暗器伤人 +1等级\n暗杀 +1等级# 120 8
1072365 #c潜龙出渊 +1等级\n重量炮击 +1等级# 120 16
1072366 降落伞工作人员鞋 10 0
1072368 最强工作人员鞋 10 0
1072369 绿黏液鞋子 30 0
1072375 蝙蝠怪的皮鞋 58 0
1072376 蝙蝠怪的毛鞋 68 0
1072383 朴素的武士靴 0 0
1072399 企鹅王的黑铁头鞋 35 1
1072400 企鹅王的黑守护鞋 35 2
1072401 企鹅王的红锦丝鞋 35 4
1072402 企鹅王的蓝杨柳鞋 35 8
1072403 企鹅王的防污靴 35 16
1072419 印第安老斑鸠鞋 15 1
1072420 Marbas Shoes 15 2
1072421 沃勒福鞋 15 8
1072422 黑暗独角兽鞋 15 4
1072423 雪之猫女鞋 15 16
1072427 红色圣诞袜子 10 0
1072428 绿色圣诞袜子 10 0
1072429 蓝色圣诞袜子 10 0
1072430 白色圣诞袜子 10 0
1072431 黄色圣诞袜子 10 0
1072432 紫色圣诞袜子 10 0
1072634 绿黏液鞋子 30 0
1302000 剑 0 0
1302001 锯 10 8
1302002 海盗剑 20 1
1302003 太阳剑 25 9
1302004 弯刀 35 1
1302005 武士刀 15 1
1302006 逆月刀 20 9
1302007 大剑 10 0
1302008 战剑 30 1
1302009 黄沙之剑 40 1
1302010 树灵之剑 50 1
1302011 奇型刀 60 1
1302012 火焰刀 70 1
1302013 红色鞭子 35 0
1302014 旧战剑 0 0
1302015 英雄战剑 45 1
1302016 黄色雨伞 40 0
1302017 蓝色雨伞 0 0
1302018 汤勺 80 1
1302019 无名剑 45 1
1302020 枫叶战剑 35 0
1302021 橡皮榔头 0 0
1302022 竹刀 25 0
1302023 六脉神剑 90 1
1302024 废报纸卷 0 0
1302025 红雨伞 55 0
1302026 黑雨伞 70 0
1302027 绿雨伞 8 0
1302028 紫雨伞 25 0
1302029 褐雨伞 43 0
1302030 枫叶剑 43 0
1302031 七星剑 48 0
1302033 枫叶旗 0 0
1302034 南瓜蓝 0 0
1302035 枫叶旗 0 0
1302036 枫叶旗 0 0
1302037 小号 63 1
1302038 战剑 20 1
1302039 树灵之剑 35 1
1302040 奇型刀 50 1
1302041 奇型刀 60 1
1302042 汤勺 70 1
1302043 战剑 20 1
1302044 树灵之剑 35 1
1302045 奇型刀 50 1
1302046 奇型刀 60 1
1302047 汤勺 70 1
1302048 必须装备#c单手钝器、单手剑、\n单手斧、短刀#才可以使用。 1 0
1302049 光线鞭子 40 0
1302050 可装备在#c除了短枪和指节外，\n其他武器#上． 20 1
1302051 可装备在#c除了短枪和指节外，\n其他武器#上． 35 1
1302052 可装备在#c除了短枪和指节外，\n其他武器#上． 50 1
1302053 可装备在#c除了短枪和指节外，\n其他武器#上． 60 1
1302054 可装备在#c除了短枪和指节外，\n其他武器#上． 70 1
1302056 一刀两断 100 1
1302057 星与条纹 0 0
1302058 冒险岛伞 30 0
1302059 狂龙闪电剑 110 1
1302060 战剑 0 0
1302062 南瓜篮子（ 2006年版） 0 0
1302063 燃烧的火焰刀 38 0
1302064 枫叶突击剑 64 0
1302065 蓝色枫叶旗 0 0
1302066 枫叶3年旗 30 1
1302067 枫叶庆典旗 0 0
1302068 玛瑙剑 45 1
1302071 粉色花边游泳圈 30 0
1302073 新加坡旗 (新手) 0 0
1302074 马来西亚旗 (新手) 0 0
1302075 新加坡旗 (单手剑) 30 1
1302076 马来西亚国旗（一双手剑） 30 1
1302077 新手战士之剑 10 1
1302079 一个微光人的定制的武器，这种功\n能强大的刀片是说，利用非常权力\n星级 70 1
1302080 七彩霓虹灯泡 25 0
1302081 #c金属风暴 +1等级# 120 1
1302086 #c轻舞飞扬 +1等级\n连环环破 +1等级# 120 1
1302088 Stirge-on-a-String 20 0
1302089 武器 35 0
1302090 Stirge-o-Whip 50 0
1302091 Stirge Grappler 50 0
1302092 Swooping Stirge 60 0
1302093 Frantic Strige 60 0
1302094 Angry Stirge 70 0
1302095 Lifeguard Saver 20 0
1302098 A special lunchbox given to hold roughly 2 weeks' worth of lunch.  Hits hard, hits fast! 20 0
1302099 A special lunchbox given to hold roughly 2 weeks' worth of lunch.  Hits hard, hits fast! 60 0
1302100 A special lunchbox given to hold roughly 2 weeks' worth of lunch.  Hits hard, hits fast! 90 0
1302101 A special lunchbox given to hold roughly 2 weeks' worth of lunch.  Hits hard, hits fast! 120 0
1302105 圣诞六翼天使武器(单手剑) 10 0
1302106 Crystal Blade 50 1
1302107 Black Crystal Blade 100 1
1302112 蝙蝠怪的汤勺 80 1
1302113 蝙蝠怪的坲罗剑 90 1
1302114 GMS Carabella 120 1
1302119 企鹅王的弯刀 35 1
1302120 天使之剑 0 0
1302124 #c网吧专用道具.游戏结束时将会消失.\n# 30 0
1302125 #c网吧专用道具.游戏结束时将会消失.\n# 38 0
1302126 #c网吧专用道具.游戏结束时将会消失.\n# 59 0
1302131 枫叶大将旗 20 0
1302133 #c你能够感受到地狱大公的暗黑\n能量。# 25 1
1312000 双刃斧 10 0
1312001 战斗斧 15 1
1312002 镰刀 15 8
1312003 锂矿斧 25 1
1312004 小斧 0 0
1312005 赤斧 30 1
1312006 大斧 35 1
1312007 青光斧 40 1
1312008 树灵之斧 50 1
1312009 猛禽斧 60 1
1312010 黄金斧 70 1
1312011 花灵之斧 80 1
1312012 乾坤圈 45 0
1312013 判官笔 30 0
1312014 阎王笔 55 0
1312015 战魂之斧 90 1
1312016 青虹斧 20 1
1312017 Chief Axe 0 0
1312018 树灵之斧 35 1
1312019 猛禽斧 50 1
1312020 黄金斧 60 1
1312021 花灵之斧 70 1
1312022 树灵之斧 35 1
1312023 猛禽斧 50 1
1312024 黄金斧 60 1
1312025 花灵之斧 70 1
1312026 A special lunchbox given to hold roughly 2 weeks' worth of lunch.  Hits hard, hits fast! 35 1
1312027 A special lunchbox given to hold roughly 2 weeks' worth of lunch.  Hits hard, hits fast! 50 1
1312028 A special lunchbox given to hold roughly 2 weeks' worth of lunch.  Hits hard, hits fast! 60 1
1312029 A special lunchbox given to hold roughly 2 weeks' worth of lunch.  Hits hard, hits fast! 70 1
1312030 烛影摇红 100 1
1312031 狂龙怒斩 110 1
1312032 枫叶破击斧 64 1
1312033 枫叶3年旗 30 1
1312034 粉色花边游泳圈 30 1
1312035 #c你能够感受到地狱大公的暗黑\n能量。# 30 1
1312036 马来西亚国旗（单手斧） 30 1
1312037 #c轻舞飞扬 +1等级# 120 1
1312038 #c轻舞飞扬 +1等级# 120 1
1312039 圣诞六翼天使武器(单手斧) 10 0
1312042 蝙蝠怪的花灵之斧 80 1
1312043 蝙蝠怪的双利刃斧 90 1
1312044 GMS Axe 120 1
1312045 企鹅王的大斧 35 1
1312046 #c网吧专用道具.游戏结束时将会消失.\n# 59 1
1322000 铁瓜锤 15 3
1322001 锤子 15 0
1322002 钢锤 20 3
1322003 棒棒果 30 0
1322004 奇型锤 25 3
1322005 棍棒 0 0
1322006 钢管 10 0
1322007 皮制手提包 15 0
1322008 007提包 20 0
1322009 马桶吸 25 0
1322010 方形铁铲 15 9
1322011 三角铁铲 20 9
1322012 红色砖头 15 0
1322013 维泽特特殊提包 0 0
1322014 大战斗锤 30 1
1322015 骑士锤 35 1
1322016 重锤 40 1
1322017 旋风锤 50 1
1322018 巨型锤 60 1
1322019 暴风锤 70 1
1322020 黄金暴风锤 75 1
1322021 黑游泳圈 50 0
1322022 红花纹游泳圈 25 0
1322023 蓝花纹游泳圈 0 0
1322024 紫游泳圈 40 0
1322025 救命游泳圈 60 0
1322026 彩虹游泳圈 70 0
1322027 米伽勒的平底锅 30 0
1322028 钉头锤 80 1
1322029 雷神钉 90 1
1322031 葵花宝典 25 0
1322032 铁头锤 10 3
1322033 鬼怪棒 65 0
1322035 大战斗锤 20 1
1322036 旋风锤 35 1
1322037 巨型锤 50 1
1322038 暴风锤 60 1
1322039 钉头锤 70 1
1322040 大战斗锤 20 1
1322041 旋风锤 35 1
1322042 巨型锤 50 1
1322043 暴风锤 60 1
1322044 钉头锤 70 1
1322045 震雷钉 100 1
1322046 A special lunchbox given to hold roughly 2 weeks' worth of lunch.  Hits hard, hits fast! 20 1
1322047 A special lunchbox given to hold roughly 2 weeks' worth of lunch.  Hits hard, hits fast! 35 1
1322048 A special lunchbox given to hold roughly 2 weeks' worth of lunch.  Hits hard, hits fast! 50 1
1322049 A special lunchbox given to hold roughly 2 weeks' worth of lunch.  Hits hard, hits fast! 60 1
1322050 A special lunchbox given to hold roughly 2 weeks' worth of lunch.  Hits hard, hits fast! 70 1
1322051 七夕 22 0
1322052 狂龙地锤 110 1
1322053 黄金锤 0 0
1322054 枫叶地震锤 64 1
1322055 枫叶3年旗 30 1
1322056 粉色花边游泳圈 30 1
1322057 新加坡国旗（单手杖） 30 1
1322058 马来西亚国旗（单手杖） 30 1
1322059 闪亮先生打造的武器。这巨大的锤\n具有了反物质的本能，能使出威力\n无比的重击。 70 1
1322060 #c轻舞飞扬 +1等级# 120 1
1322061 #c连环环破 +1等级# 120 1
1322062 碎颅锤 120 1
1322063 Duck tube 50 0
1322064 Duck tube 100 0
1322065 圣诞六翼天使武器(单手钝器) 10 0
1322068 蝙蝠怪的钉头锤 80 1
1322069 蝙蝠怪的毁灭之锤 90 1
1322072 GMS Flame 120 1
1322073 企鹅王的骑士锤 35 1
1322074 #c网吧专用道具.游戏结束时将会消失.\n# 59 1
1332000 三角刃 12 8
1332001 半月刃 32 8
1332002 三指刃 17 8
1332003 破碎刃 50 8
1332004 双枝短刀 27 8
1332005 刮胡刀 5 0
1332006 战斗短刀 15 9
1332007 短刀 8 0
1332008 牙刀 20 9
1332009 偃月刃 30 9
1332010 钢短刀 25 9
1332011 刺客短刀 40 8
1332012 水晶刃 30 8
1332013 飞影刃 22 8
1332014 暗影刃 35 8
1332015 双翼刃 60 8
1332016 华戟 50 9
1332017 金蛇剑 60 9
1332018 凤凰刃 70 8
1332019 金刚刃 70 9
1332020 太极扇 35 0
1332021 乌龙茶 40 0
1332022 小妖精刀 80 9
1332023 黑精灵拳刃 80 8
1332024 武刀 55 8
1332025 枫叶刃 43 8
1332026 闪电刃 90 9
1332027 飞羽刃 90 8
1332029 双古剑 53 0
1332030 团扇 65 0
1332031 龙刃 40 8
1332032 圣诞树 10 0
1332033 水晶刃 20 8
1332034 破碎刃 35 8
1332035 双翼刃 50 8
1332036 凤凰刃 60 8
1332037 黑精灵拳刃 70 8
1332038 水晶刃 20 8
1332039 破碎刃 35 8
1332040 双翼刃 50 8
1332041 凤凰刃 60 8
1332042 黑精灵拳刃 70 8
1332043 闪亮先生打造的武器。这巨大的锤\n具有了反物质的本能，能使出威力\n无比的重击。 20 8
1332044 闪亮先生打造的武器。这巨大的锤\n具有了反物质的本能，能使出威力\n无比的重击。 35 8
1332045 闪亮先生打造的武器。这巨大的锤\n具有了反物质的本能，能使出威力\n无比的重击。 50 8
1332046 闪亮先生打造的武器。这巨大的锤\n具有了反物质的本能，能使出威力\n无比的重击。 60 8
1332047 闪亮先生打造的武器。这巨大的锤\n具有了反物质的本能，能使出威力\n无比的重击。 70 8
1332049 蝉翼龙牙破 110 9
1332050 半月龙鳞裂 110 8
1332051 黄金双牙钩 100 9
1332052 阴风碎魂刃 100 8
1332053 野外烧烤串 75 0
1332054 闪电飞刀 50 8
1332055 枫叶锁魄铗 64 8
1332056 枫叶追魂刺 64 8
1332057 枫叶3年旗 30 8
1332059 粉色花边游泳圈 30 8
1332060 新加坡国旗（短剑） 30 8
1332061 马来西亚国旗（短剑） 30 8
1332063 初级盗贼的短剑 10 8
1332064 闪亮先生打造的武器。这把轻巧的\n短剑能使出星球爆炸的威力。 70 8
1332065 闪亮先生打造的武器。这把轻巧的\n短剑能使出星球爆炸的威力。 70 9
1332066 新手刮胡刀 5 0
1332067 Maku(LUK) 10 8
1332068 Makusuma(LUK) 40 8
1332069 Makumagna(LUK) 80 8
1332070 Maku(STR) 10 8
1332071 Makusuma(STR) 40 8
1332072 Makumagna(STR) 80 8
1332073 #c一出双击 +1等级# 120 9
1332074 #c一出双击 +1等级# 120 8
1332075 #c一出双击 +1等级# 120 9
1332076 #c一出双击 +1等级# 120 8
1332077 Raven's Beak 80 8
1332078 Night Raven's Beak 90 8
1332079 Dawn Raven's Beak 90 8
1332080 Dusk Raven's Beak 80 8
1332081 圣诞六翼天使武器(短剑) 10 8
1332084 蝙蝠怪的小妖精刀 80 9
1332085 蝙蝠怪的黑精灵拳刃 80 8
1332086 蝙蝠怪的可撒之剑 90 9
1332087 蝙蝠怪的霸杰之刃 90 8
1332088 企鹅王的暗影刃 35 8
1332093 #c网吧专用道具.游戏结束时将会消失.\n# 38 8
1332094 #c网吧专用道具.游戏结束时将会消失.\n# 59 8
1332095 #c网吧专用道具.游戏结束时将会消失.\n# 59 8
1332099 #c你能够感受到地狱大公的暗黑\n能量。# 25 8
1372000 妖精短杖 38 2
1372001 法师短杖 33 2
1372002 金属短杖 18 2
1372003 锂矿短杖 28 2
1372004 冰精短杖 23 2
1372005 木制短杖 8 0
1372006 高级木制短杖 13 0
1372007 大魔法师短杖 48 2
1372008 金属短杖 60 2
1372009 慈悲为怀 88 2
1372010 嗜魂法杖 98 2
1372011 羽扇 50 2
1372012 水晶短杖 38 2
1372014 火焰之杖 58 2
1372015 天使之翼 68 2
1372016 凤凰短杖 78 2
1372017 领路灯 41 0
1372018 法师短杖 18 2
1372019 大魔法师短杖 38 2
1372020 火焰之杖 48 2
1372021 天使之翼 58 2
1372022 法师短杖 18 2
1372023 大魔法师短杖 38 2
1372024 火焰之杖 48 2
1372025 天使之翼 58 2
1372026 必须装备#c单手钝器、单手剑、\n单手斧、短刀#才可以使用。 8 2
1372027 闪亮先生打造的武器。这把轻巧的\n短剑能使出星球爆炸的威力。 18 2
1372028 闪亮先生打造的武器。这把轻巧的\n短剑能使出星球爆炸的威力。 38 2
1372029 闪亮先生打造的武器。这把轻巧的\n短剑能使出星球爆炸的威力。 48 2
1372030 闪亮先生打造的武器。这把轻巧的\n短剑能使出星球爆炸的威力。 58 2
1372031 圣贤短杖 54 0
1372032 佘太君龙杖 108 2
1372033 圣贤短杖 54 0
1372034 枫叶仙姬杖 64 2
1372035 火灵珠短杖 70 2
1372036 毒灵珠短杖 70 2
1372037 冰灵珠短杖 70 2
1372038 雷灵珠短杖 70 2
1372039 爆炎之杖 130 2
1372040 剧毒之杖 130 2
1372041 寒冰之杖 130 2
1372042 狂雷之杖 130 2
1372043 初级魔法师的杖 8 2
1372044 #c连环爆破 +1等级\n链环闪电 +1等级\n光芒飞箭 +1等级# 118 2
1372045 #c连环爆破 +1等级\n链环闪电 +1等级\n光芒飞箭 +1等级# 118 2
1372046 圣诞六翼天使武器(短杖) 10 2
1372049 扎昆的树枝 10 0
1372050 蝙蝠怪的圣令牌 88 2
1372051 蝙蝠怪的凤凰短杖 78 2
1372053 企鹅王的法师短杖 33 2
1372056 #c网吧专用道具.游戏结束时将会消失.\n# 59 2
1372058 #c你能够感受到地狱大公的暗黑\n能量。# 25 2
1382000 木制长杖 10 2
1382001 精灵长杖 45 2
1382002 法师长杖 25 2
1382003 蓝宝石长杖 15 2
1382004 古树长杖 20 2
1382005 祖母绿长杖 15 2
1382006 白龙之杖 55 2
1382007 魔灵之翼 65 2
1382008 魔灵之魂 85 2
1382009 枫叶权杖 35 2
1382010 死灵法杖 75 2
1382011 枫树杖 51 2
1382012 枫叶杖 43 2
1382014 孙家之杖 52 2
1382015 毒蘑菇 30 2
1382016 香菇 92 2
1382017 金轮杖 30 2
1382018 翡翠之杖 35 2
1382019 护法之杖 40 2
1382020 精灵长杖 35 2
1382021 白龙之杖 45 2
1382022 魔灵之翼 55 2
1382023 死灵法杖 65 2
1382024 魔灵之魂 75 2
1382025 精灵长杖 35 2
1382026 白龙之杖 45 2
1382027 魔灵之翼 55 2
1382028 死灵法杖 65 2
1382029 魔灵之魂 75 2
1382030 闪亮先生打造的武器。这把轻巧的\n短剑能使出星球爆炸的威力。 35 2
1382031 闪亮先生打造的武器。这把轻巧的\n短剑能使出星球爆炸的威力。 45 2
1382032 闪亮先生打造的武器。这把轻巧的\n短剑能使出星球爆炸的威力。 55 2
1382033 闪亮先生打造的武器。这把轻巧的\n短剑能使出星球爆炸的威力。 65 2
1382034 闪亮先生打造的武器。这把轻巧的\n短剑能使出星球爆炸的威力。 75 2
1382035 冰肌玲珑杖 95 2
1382036 黑精灵王杖 110 2
1382037 偃月之杖 102 2
1382039 枫叶丹心杖 64 2
1382040 枫叶3年旗 30 2
1382041 夜行权杖 43 2
1382042 粉色花边游泳圈 30 2
1382043 新加坡国旗（长杖） 30 2
1382044 马来西亚国旗（长杖） 30 2
1382045 火灵珠长杖 103 2
1382046 毒灵珠长杖 103 2
1382047 冰灵珠长杖 103 2
1382048 雷灵珠长杖 103 2
1382049 朱雀长杖 163 2
1382050 玄武长杖 163 2
1382051 白虎长杖 163 2
1382052 青龙长杖 163 2
1382053 闪亮先生打造的武器。这长仗聚合\n了乱世的魔力，能使出惊天动地的\n威力。 70 2
1382054 埋没 10 2
1382055 Umarusuma 40 2
1382056 Umarumagna 80 2
1382057 #c连环爆破 +1等级\n链环闪电 +1等级\n光芒飞箭 +1等级# 120 2
1382059 #c连环爆破 +1等级\n链环闪电 +1等级\n光芒飞箭 +1等级# 120 2
1382060 绯红法杖 100 2
1382062 圣诞六翼天使武器(长杖) 10 2
1382066 蝙蝠怪的魔灵之魂 85 2
1382067 蝙蝠怪的怒涛之杖 95 2
1382068 #c精神強力 +1级#\\n#c 以10%机率30秒内每秒给予120的追加伤害。 58 2
1382070 企鹅王的翡翠之杖 35 2
1382074 #c网吧专用道具.游戏结束时将会消失.\n# 30 2
1382075 #c网吧专用道具.游戏结束时将会消失.\n# 38 2
1382076 #c网吧专用道具.游戏结束时将会消失.\n# 59 2
1382080 #c你能够感受到地狱大公的暗黑\n能量。# 25 2
1392000 必须装备#c单手钝器、单手剑、\n单手斧、短刀#才可以使用。 0 0
1402000 双手剑 20 1
1402001 木剑 10 13
1402002 大刀 30 1
1402003 虎剑 50 1
1402004 青云剑 80 1
1402005 斩魔刀 90 1
1402006 高原之剑 35 1
1402007 半月巨刀 40 1
1402008 钢铁剑 25 1
1402009 木球棍 0 0
1402010 铝球棍 30 0
1402011 无极剑 60 1
1402012 霸王剑 70 1
1402013 白日剑 50 0
1402014 温度计 10 0
1402015 亚历山大之剑 80 1
1402016 所罗门之剑 90 1
1402017 船长佩剑 65 1
1402018 幻木剑 15 1
1402019 大刀 20 1
1402020 虎剑 35 1
1402021 无极剑 50 1
1402022 霸王剑 60 1
1402023 亚历山大之剑 70 1
1402024 大刀 20 1
1402025 虎剑 35 1
1402026 无极剑 50 1
1402027 霸王剑 60 1
1402028 亚历山大之剑 70 1
1402029 鬼刺狼牙棒 45 0
1402030 闪亮先生打造的武器。这长仗聚合\n了乱世的魔力，能使出惊天动地的\n威力。 20 1
1402031 闪亮先生打造的武器。这长仗聚合\n了乱世的魔力，能使出惊天动地的\n威力。 35 1
1402032 闪亮先生打造的武器。这长仗聚合\n了乱世的魔力，能使出惊天动地的\n威力。 50 1
1402033 闪亮先生打造的武器。这长仗聚合\n了乱世的魔力，能使出惊天动地的\n威力。 60 1
1402034 闪亮先生打造的武器。这长仗聚合\n了乱世的魔力，能使出惊天动地的\n威力。 70 1
1402035 斩天刀 100 1
1402036 飞龙巨剑 110 1
1402037 龙背刃 100 1
1402039 枫叶枭首剑 64 1
1402040 枫叶3年旗 30 1
1402041 粉色花边游泳圈 30 1
1402042 新加坡国旗（双手剑） 30 1
1402043 必须装备#c单手钝器、单手剑、\n单手斧、短刀#才可以使用。 30 1
1402044 南瓜灯笼 30 0
1402045 Tiger's Fang 50 1
1402046 #c轻舞飞扬 +1等级\n连环环破 +1等级# 120 1
1402047 #c轻舞飞扬 +1等级\n连环环破 +1等级# 120 1
1402048 乌之翼 80 1
1402049 暗乌之翼 90 1
1402050 黎明乌之翼 90 1
1402051 黄昏乌之翼 80 1
1402053 圣诞六翼天使武器(双手剑) 10 1
1402056 蝙蝠怪的青云剑 80 1
1402057 蝙蝠怪的亚历山大之剑 80 1
1402058 蝙蝠怪的斩魔刀 90 1
1402059 蝙蝠怪的双手镭剑 90 1
1402061 GMS Claymore 120 1
1402062 #c金属风暴 +1等级# 58 1
1402064 企鹅王的高原之剑 35 1
1402068 #c网吧专用道具.游戏结束时将会消失.\n# 59 1
1402072 #c你能够感受到地狱大公的暗黑\n能量。# 25 1
1412000 双手斧 25 1
1412001 铁斧 10 13
1412002 钢铁斧 20 1
1412003 太阳之斧 50 1
1412004 绿蛇刀 35 1
1412005 格斗斧 40 1
1412006 重型巨斧 30 1
1412007 光明斧 60 1
1412008 雷电斧 70 1
1412009 大力神之斧 80 1
1412010 项羽之斧 90 1
1412011 枫叶斧 43 1
1412012 伐木斧 15 1
1412013 太阳之斧 35 1
1412014 光明斧 50 1
1412015 雷电斧 60 1
1412016 大力神之斧 70 1
1412017 太阳之斧 35 1
1412018 光明斧 50 1
1412019 雷电斧 60 1
1412020 大力神之斧 70 1
1412021 龙魂祭 100 1
1412022 闪亮先生打造的武器。这长仗聚合\n了乱世的魔力，能使出惊天动地的\n威力。 35 1
1412023 闪亮先生打造的武器。这长仗聚合\n了乱世的魔力，能使出惊天动地的\n威力。 50 1
1412024 闪亮先生打造的武器。这长仗聚合\n了乱世的魔力，能使出惊天动地的\n威力。 60 1
1412025 闪亮先生打造的武器。这长仗聚合\n了乱世的魔力，能使出惊天动地的\n威力。 70 1
1412026 炼狱魔龙斧 110 1
1412027 枫叶乾坤轮 64 1
1412028 枫叶3年旗 30 1
1412029 粉色花边游泳圈 30 1
1412030 新加坡国旗（双手斧） 30 1
1412031 马来西亚国旗（双手斧） 30 1
1412032 闪亮先生打造的武器。 这致命的\n斧头能在眨眼间摧毁敌人。 70 1
1412033 #c轻舞飞扬 +1等级# 120 1
1412034 #c轻舞飞扬 +1等级# 120 1
1412035 圣诞六翼天使武器(双手斧) 10 1
1412038 蝙蝠怪的大力神之斧 80 1
1412039 蝙蝠怪的格洛斧 90 1
1412040 #c你能够感受到地狱大公的暗黑\n能量。# 90 1
1412041 GMS Battle Axe 120 1
1412042 企鹅王的绿蛇刀 35 1
1412043 #c网吧专用道具.游戏结束时将会消失.\n# 38 1
1412044 #c网吧专用道具.游戏结束时将会消失.\n# 59 1
1412046 #c你能够感受到地狱大公的暗黑\n能量。# 25 1
1422000 木锤 10 13
1422001 锂矿锤 30 1
1422002 钢铁圆锤 15 1
1422003 方形锤子 20 1
1422004 板手 25 13
1422005 黄金锤 50 1
1422006 十字镐 20 9
1422007 巨人锤 40 1
1422008 大锤 35 1
1422009 妖精之锤 60 1
1422010 封魂之锤 70 1
1422011 酒瓶 30 -1
1422012 雷神之锤 80 1
1422013 狮子之魂 90 1
1422014 枫叶锤 43 1
1422015 黄金锤 35 1
1422016 妖精之锤 50 1
1422017 封魂之锤 60 1
1422018 雷神之锤 70 1
1422019 黄金锤 35 1
1422020 妖精之锤 50 1
1422021 封魂之锤 60 1
1422022 雷神之锤 70 1
1422023 闪亮先生打造的武器。 这致命的\n斧头能在眨眼间摧毁敌人。 35 1
1422024 闪亮先生打造的武器。 这致命的\n斧头能在眨眼间摧毁敌人。 50 1
1422025 闪亮先生打造的武器。 这致命的\n斧头能在眨眼间摧毁敌人。 60 1
1422026 闪亮先生打造的武器。 这致命的\n斧头能在眨眼间摧毁敌人。 70 1
1422027 泰坦之锤 100 1
1422028 金龙轰天锤 110 1
1422029 枫叶轰天镗 64 1
1422030 粉红海豹抱枕 105 1
1422031 蓝色海豹抱枕 105 1
1422032 枫叶3年旗 30 1
1422033 粉色花边游泳圈 30 1
1422034 新加坡国旗（双手杖） 30 1
1422035 必须装备#c单手钝器、单手剑、\n单手斧、短刀#才可以使用。 30 1
1422036 玩具匠人的锤子 40 0
1422037 #c连环环破 +1等级# 120 1
1422038 #c连环环破 +1等级# 120 1
1422039 圣诞六翼天使武器(双手钝器) 10 1
1422042 蝙蝠怪的雷神之锤 80 1
1422043 蝙蝠怪的镭奥钉锤 90 1
1422044 GMS Maul 120 1
1422045 企鹅王的大锤 35 1
1422046 #c网吧专用道具.游戏结束时将会消失.\n# 38 1
1422047 #c网吧专用道具.游戏结束时将会消失.\n# 59 1
1432000 长枪 10 13
1432001 叉枪 15 13
1432002 三支枪 30 1
1432003 刺枪 35 1
1432004 长八蛇矛 50 1
1432005 双天戟 40 1
1432006 十字枪 60 1
1432007 银龙枪 70 1
1432008 海神叉 20 0
1432009 木精灵枪 20 0
1432010 奥丁手戟 80 1
1432011 寒冰破魔枪 90 1
1432012 枫叶枪 43 1
1432013 南瓜枪 25 0
1432014 海神叉 20 0
1432015 红色滑雪板 13 0
1432016 橙色滑雪板 33 0
1432017 绿色滑雪板 55 0
1432018 蓝色滑雪板 85 0
1432019 三支枪 20 1
1432020 长八蛇矛 35 1
1432021 十字枪 50 1
1432022 银龙枪 60 1
1432023 奥丁手戟 70 1
1432024 三支枪 20 1
1432025 长八蛇矛 35 1
1432026 十字枪 50 1
1432027 银龙枪 60 1
1432028 奥丁手戟 70 1
1432029 必须装备#c单手钝器、单手剑、\n单手斧、短刀#才可以使用。 10 1
1432030 红莲落神枪 100 1
1432031 闪亮先生打造的武器。 这致命的\n斧头能在眨眼间摧毁敌人。 20 1
1432032 闪亮先生打造的武器。 这致命的\n斧头能在眨眼间摧毁敌人。 35 1
1432033 闪亮先生打造的武器。 这致命的\n斧头能在眨眼间摧毁敌人。 50 1
1432034 闪亮先生打造的武器。 这致命的\n斧头能在眨眼间摧毁敌人。 60 1
1432035 闪亮先生打造的武器。 这致命的\n斧头能在眨眼间摧毁敌人。 70 1
1432038 盘龙七冲枪 110 1
1432039 钓鱼竿 45 0
1432040 枫叶钻天枪 64 1
1432041 枫叶3年旗 30 1
1432042 粉色花边游泳圈 30 1
1432043 新加坡国旗（枪） 30 1
1432044 马来西亚国旗（枪） 30 1
1432045 闪亮先生打造的武器。这长枪具有\n焰阳的火焰可火吞敌人。 70 1
1432046 圣诞树手杖 30 0
1432047 #c灵魂助力 +1等级# 120 1
1432048 铲子 105 1
1432049 #c灵魂助力 +1等级# 120 1
1432050 圣诞六翼天使武器(枪) 10 1
1432054 蝙蝠怪的奥丁手戟 80 1
1432055 蝙蝠怪的佛罗利刃 90 1
1432056 暴风枪 100 1
1432057 企鹅王的刺枪 35 1
1432058 #c网吧专用道具.游戏结束时将会消失.\n# 38 1
1432059 #c网吧专用道具.游戏结束时将会消失.\n# 59 1
1432061 #c你能够感受到地狱大公的暗黑\n能量。# 25 1
1442000 铁戟 10 13
1442001 锂矿戟 30 1
1442002 月灵戟 120 1
1442003 斧戟 35 1
1442004 拖把 25 13
1442005 九龙刀 50 1
1442006 蓝铁锤 15 1
1442007 幻影 20 1
1442008 黄龙刀 70 1
1442009 月牙戟 40 1
1442010 方天戟 60 1
1442011 冲浪板 30 0
1442012 天空雪板 0 0
1442013 沧海雪板 12 0
1442014 银雪板 24 0
1442015 黄金雪板 36 0
1442016 黑雪板 48 0
1442017 赤血雪板 60 0
1442018 冻冻鱼 20 -1
1442019 月神刀 80 1
1442020 巨灵开山斧 90 1
1442021 黄拖把 13 0
1442022 白拖把 65 0
1442023 黑拖把 36 -1
1442024 枫叶矛 43 1
1442025 青龙偃月刀 48 0
1442026 红色冲浪板 95 0
1442027 绿色冲浪板 55 0
1442028 蓝色冲浪板 45 0
1442029 紫色冲浪板 15 0
1442030 枫之雪板 70 0
1442031 九龙刀 35 1
1442032 方天戟 50 1
1442033 黄龙刀 60 1
1442034 月神刀 70 1
1442035 九龙刀 35 1
1442036 方天戟 50 1
1442037 黄龙刀 60 1
1442038 月神刀 70 1
1442039 冻冻鱼 10 0
1442040 闪亮先生打造的武器。这长枪具有\n焰阳的火焰可火吞敌人。 35 1
1442041 闪亮先生打造的武器。这长枪具有\n焰阳的火焰可火吞敌人。 50 1
1442042 闪亮先生打造的武器。这长枪具有\n焰阳的火焰可火吞敌人。 60 1
1442043 闪亮先生打造的武器。这长枪具有\n焰阳的火焰可火吞敌人。 70 1
1442044 战魂斗杀戟 100 1
1442045 血龙神斧 110 1
1442046 超级滑雪板 50 0
1442047 黄色情人玫瑰 0 0
1442048 红色情人玫瑰 12 0
1442049 蓝色情人玫瑰 48 0
1442050 白色情人玫瑰 24 0
1442051 枫叶战斧 64 1
1442052 枫叶3年旗 30 1
1442053 粉色花边游泳圈 30 1
1442054 红色滑水板 15 0
1442055 绿色滑水板 45 0
1442056 蓝色滑水板 55 0
1442057 紫色滑水板 95 0
1442058 新加坡国旗（矛） 30 1
1442059 必须装备#c单手钝器、单手剑、\n单手斧、短刀#才可以使用。 30 1
1442060 闪亮先生打造的武器。这传说中的\n战斧能够增强使用者的意志力。 70 1
1442061 德拉马仙人掌 30 0
1442063 #c灵魂助力 +1等级# 120 1
1442065 蓝色冲浪板 30 0
1442066 红色冲浪板 55 0
1442067 #c灵魂助力 +1等级# 120 1
1442068 绯红弯刃 100 0
1442071 圣诞六翼天使武器(矛) 10 1
1442074 蝙蝠怪的月神刀 80 1
1442075 蝙蝠怪的飞翔斧 90 1
1442077 练习用矛 10 1
1442078 #c 5%的几率在10秒内每秒造成300的额外伤害。 58 1
1442079 基本矛 0 0
1442080 钢铁战斧 30 1
1442081 特鲁给的秘银矛。连接中断后自动\n消失。 29 1
1442082 企鹅王的斧戟 35 1
1442083 #c网吧专用道具.游戏结束时将会消失.\n# 38 1
1442084 #c网吧专用道具.游戏结束时将会消失.\n# 59 1
1442103 必须装备#c单手钝器、单手剑、\n单手斧、短刀#才可以使用。 25 1
1452000 战斗弓 25 4
1452001 打猎弓 20 4
1452002 长弓 10 4
1452003 钢铁弓 15 4
1452004 凤凰之弓 60 4
1452005 雷电 30 4
1452006 火焰之弓 35 4
1452007 暴风弓 40 4
1452008 天弓 50 4
1452009 赤神弓 70 4
1452010 青神弓 70 4
1452011 黄神弓 70 4
1452012 青龙弓 80 4
1452013 朱雀弓 80 4
1452014 黄虎弓 80 4
1452015 玄武弓 80 4
1452016 漂云之弓 35 4
1452017 魔翼之弓 90 4
1452018 天蝎之弓 65 4
1452019 天鹰弓(白) 100 4
1452020 天鹰弓(黄) 100 4
1452021 天鹰弓(黑) 100 4
1452022 枫叶弓 43 4
1452023 曹家之弓 54 4
1452025 蓝色梅杜斯 90 4
1452026 黑色梅杜斯 90 4
1452027 雷电 20 4
1452028 天弓 35 4
1452029 凤凰之弓 50 4
1452030 黄神弓 60 4
1452031 玄武弓 70 4
1452032 雷电 20 4
1452033 天弓 35 4
1452034 凤凰之弓 50 4
1452035 黄神弓 60 4
1452036 玄武弓 70 4
1452037 必须装备#c单手钝器、单手剑、\n单手斧、短刀#才可以使用。 10 4
1452038 闪亮先生打造的武器。这传说中的\n战斧能够增强使用者的意志力。 20 4
1452039 闪亮先生打造的武器。这传说中的\n战斧能够增强使用者的意志力。 35 4
1452040 闪亮先生打造的武器。这传说中的\n战斧能够增强使用者的意志力。 50 4
1452041 闪亮先生打造的武器。这传说中的\n战斧能够增强使用者的意志力。 60 4
1452042 闪亮先生打造的武器。这传说中的\n战斧能够增强使用者的意志力。 70 4
1452044 金龙振翅弓 110 4
1452045 枫叶HAPPY弓 64 4
1452046 枫叶3年旗 30 4
1452048 粉色花边游泳圈 30 4
1452049 新加坡国旗（弓） 30 4
1452050 马来西亚国旗（弓） 30 4
1452051 初级弓手的弓 10 4
1452052 闪亮先生打造的武器。这独有的弓\n里隐藏了隔世的力量，能使出无穷\n威力的攻击。 70 4
1452053 Winkel 55 4
1452054 Akha 10 4
1452055 Akhasuma 40 4
1452056 Akhamagna 80 4
1452057 #c暴风箭雨 +1等级# 120 4
1452059 #c暴风箭雨 +1等级# 120 4
1452060 绯红之弓 100 4
1452062 圣诞六翼天使武器(弓) 10 4
1452066 蝙蝠怪的马蓝艾伦弓 80 4
1452067 蝙蝠怪的火焰艾伦弓 80 4
1452068 蝙蝠怪的黄金艾伦弓 80 4
1452069 蝙蝠怪的黑色艾伦弓 80 4
1452070 蝙蝠怪的梅杜斯 90 4
1452071 #c金属风暴 +1等级# 58 4
1452073 企鹅王的火焰之弓 35 4
1452077 #c网吧专用道具.游戏结束时将会消失.\n# 30 4
1452078 #c网吧专用道具.游戏结束时将会消失.\n# 38 4
1452079 #c网吧专用道具.游戏结束时将会消失.\n# 59 4
1452083 所罗门多变之弓(任务道具) 15 4
1452084 可对黑暗独角兽造成伤害的神器 15 4
1452085 #c你能够感受到地狱大公的暗黑\n能量。# 25 4
1462000 山羊弩 28 4
1462001 弩弓 12 4
1462002 战斗弩弓 18 4
1462003 猎弩弓 22 4
1462004 鹰弩 32 4
1462005 双弦弩 38 4
1462006 白银弩 42 4
1462007 炎弩 50 4
1462008 黄金弩 60 4
1462009 破天弩弓 70 4
1462010 沧海弩弓 80 4
1462011 炎帝弩弓 80 4
1462012 金天弩弓 80 4
1462013 黑暗弩弓 80 4
1462014 枫叶玉弩 35 4
1462015 光圣鹞弩(白) 100 4
1462016 金圣鹞弩(黄) 100 4
1462017 黑暗圣鹞弩 100 4
1462018 红炎神机弩 90 4
1462019 枫叶弩 43 4
1462021 闇黑弩 90 4
1462022 黄色可撒弩 90 4
1462023 山羊弩 18 4
1462024 炎弩 35 4
1462025 黄金弩 50 4
1462026 破天弩弓 60 4
1462027 黑暗弩弓 70 4
1462028 山羊弩 18 4
1462029 炎弩 35 4
1462030 黄金弩 50 4
1462031 破天弩弓 60 4
1462032 黑暗弩弓 70 4
1462033 闪亮先生打造的武器。这独有的弓\n里隐藏了隔世的力量，能使出无穷\n威力的攻击。 18 4
1462034 闪亮先生打造的武器。这独有的弓\n里隐藏了隔世的力量，能使出无穷\n威力的攻击。 35 4
1462035 闪亮先生打造的武器。这独有的弓\n里隐藏了隔世的力量，能使出无穷\n威力的攻击。 50 4
1462036 闪亮先生打造的武器。这独有的弓\n里隐藏了隔世的力量，能使出无穷\n威力的攻击。 60 4
1462037 闪亮先生打造的武器。这独有的弓\n里隐藏了隔世的力量，能使出无穷\n威力的攻击。 70 4
1462039 黄金飞龙弩 110 4
1462040 枫叶击星弩 64 4
1462041 枫叶3年旗 30 4
1462043 粉色花边游泳圈 30 4
1462044 新加坡国旗（弩） 30 4
1462045 马来西亚国旗（弩） 30 4
1462046 闪亮先生打造的武器。这弯弓是用\n德拉无重量的材料所打造。 70 4
1462047 Xaru 10 4
1462048 Xarusuma 40 4
1462049 Xarumagna 80 4
1462050 #c穿透箭 +1等级# 120 4
1462051 #c穿透箭 +1等级# 120 4
1462052 Raven's Eye 80 4
1462053 Night Raven's Eye 90 4
1462054 黎明乌眼弯弓 90 4
1462055 黄昏乌眼弯弓 80 4
1462056 圣诞六翼天使武器(弩) 10 4
1462059 蝙蝠怪的沧海弩弓 80 4
1462060 蝙蝠怪的炎帝弩弓 80 4
1462061 蝙蝠怪的金天弩弓 80 4
1462062 蝙蝠怪的黑暗弩弓 80 4
1462063 蝙蝠怪的可撒之弩 90 4
1462066 企鹅王的鹰弩 32 4
1462069 #c网吧专用道具.游戏结束时将会消失.\n# 30 4
1462070 #c网吧专用道具.游戏结束时将会消失.\n# 38 4
1462071 #c网吧专用道具.游戏结束时将会消失.\n# 59 4
1462075 #c你能够感受到地狱大公的暗黑\n能量。# 25 4
1472000 拳套 10 8
1472001 钢铁拳套 15 8
1472002 锂矿拳套 15 8
1472003 黄金拳套 15 8
1472004 青铜指虎 20 8
1472005 钢铁指虎 20 8
1472006 朱矿指虎 20 8
1472007 狼牙 25 8
1472008 钢铁斗拳 30 8
1472009 锂矿斗拳 30 8
1472010 朱矿斗拳 30 8
1472011 青铜守护拳套 35 8
1472012 银守护拳套 35 8
1472013 黑守护拳套 35 8
1472014 钢铁护腕 40 8
1472015 赤红护腕 40 8
1472016 朱矿护腕 40 8
1472017 黑护腕 40 8
1472018 钢铁手甲 50 8
1472019 赤红手甲 50 8
1472020 蓝宝手甲 50 8
1472021 黑手甲 50 8
1472022 青铜战神拳套 60 8
1472023 赤红战神拳套 60 8
1472024 蓝宝战神拳套 60 8
1472025 黑战神拳套 60 8
1472026 红闪电甲 70 8
1472027 绿闪电甲 70 8
1472028 蓝闪电甲 70 8
1472029 黑闪电甲 70 8
1472030 小枫叶拳 35 8
1472031 龙之拳 80 8
1472032 枫叶拳 43 8
1472033 虎纹拳套 90 8
1472034 朱矿斗拳 20 8
1472035 黑手甲 35 8
1472036 黑战神拳套 50 8
1472037 黑闪电甲 60 8
1472038 龙之拳 70 8
1472039 朱矿斗拳 20 8
1472040 黑手甲 35 8
1472041 黑战神拳套 50 8
1472042 黑闪电甲 60 8
1472043 龙之拳 70 8
1472044 必须装备#c单手钝器、单手剑、\n单手斧、短刀#才可以使用。 10 8
1472045 周围有温暖气息所围绕的特制手套\n，有助于在寒冷区域抵御寒气。 20 8
1472046 周围有温暖气息所围绕的特制手套\n，有助于在寒冷区域抵御寒气。 35 8
1472047 周围有温暖气息所围绕的特制手套\n，有助于在寒冷区域抵御寒气。 50 8
1472048 周围有温暖气息所围绕的特制手套\n，有助于在寒冷区域抵御寒气。 60 8
1472049 周围有温暖气息所围绕的特制手套\n，有助于在寒冷区域抵御寒气。 70 8
1472051 寒木升龙拳 110 8
1472052 碧水落龙拳 110 8
1472053 逆龙咆哮拳 100 8
1472054 信玄 55 8
1472055 枫叶定天拳 64 8
1472056 枫叶3年旗 30 8
1472058 粉色花边游泳圈 30 8
1472059 新加坡国旗（指节） 30 8
1472060 马来西亚国旗（指节） 30 8
1472061 初级飞侠拳套 10 8
1472062 闪亮先生打造的武器。这拳爪有着\n流星般的能量，能以光速发掷镖。\n无人能逃过它的追寻。 70 8
1472063 周围有温暖气息所围绕的特制手套\n，有助于在寒冷区域抵御寒气。 8 0
1472064 Neva 50 8
1472065 Kuma 10 8
1472066 Kumasuma 40 8
1472067 Kumamagna 80 8
1472068 #c三连环光击破 +1等级# 120 8
1472069 Steel Avarice for Transformation 40 8
1472071 #c三连环光击破 +1等级# 120 8
1472072 Raven's Claw 80 8
1472073 Night Raven's Claw 90 8
1472074 黎明乌之爪 90 8
1472075 黄昏乌之爪 80 8
1472077 圣诞六翼天使武器(拳套) 10 8
1472083 蝙蝠怪的龙之拳 80 8
1472084 蝙蝠怪的卡帝斯拳套 90 8
1472086 #c金属风暴 +1等级# 58 8
1472089 企鹅王的黑守护拳套 35 8
1472093 #c网吧专用道具.游戏结束时将会消失.\n# 30 8
1472094 #c网吧专用道具.游戏结束时将会消失.\n# 38 8
1472095 #c网吧专用道具.游戏结束时将会消失.\n# 59 8
1472100 #c你能够感受到地狱大公的暗黑\n能量。# 25 8
1482000 指套 10 16
1482001 拳甲 15 16
1482002 格斗指虎 20 16
1482003 三日月冲拳 25 16
1482004 全覆式拳甲 30 16
1482005 双翼拳甲 35 16
1482006 刺棘拳甲 40 16
1482007 蛇吻 50 16
1482008 列翼拳甲 60 16
1482009 强袭拳甲 70 16
1482010 破坏者 80 16
1482011 三刃雪钩 90 16
1482012 剑龙拳甲 100 16
1482013 撕裂者 110 16
1482014 新手专用指套 10 16
1482015 周围有温暖气息所围绕的特制手套\n，有助于在寒冷区域抵御寒气。 20 16
1482016 周围有温暖气息所围绕的特制手套\n，有助于在寒冷区域抵御寒气。 35 16
1482017 周围有温暖气息所围绕的特制手套\n，有助于在寒冷区域抵御寒气。 50 16
1482018 周围有温暖气息所围绕的特制手套\n，有助于在寒冷区域抵御寒气。 60 16
1482019 周围有温暖气息所围绕的特制手套\n，有助于在寒冷区域抵御寒气。 70 16
1482020 枫叶指节 35 16
1482021 冒险岛暴风爪 43 16
1482022 枫叶金爪 64 16
1482023 #c光速拳 +1等级# 120 16
1482024 #c光速拳 +1等级# 120 16
1482025 粉色花边游泳圈 30 16
1482029 圣诞六翼天使武器(指节) 10 16
1482031 蝙蝠怪的纱罗毁灭拳套 80 16
1482032 蝙蝠怪的吸血鬼之爪 90 16
1482034 GMS Knuckle 120 16
1482037 企鹅王的双翼拳甲 35 16
1482041 #c网吧专用道具.游戏结束时将会消失.\n# 30 16
1482042 #c网吧专用道具.游戏结束时将会消失.\n# 38 16
1482043 #c网吧专用道具.游戏结束时将会消失.\n# 59 16
1482046 #c你能够感受到地狱大公的暗黑\n能量。# 25 16
1492000 短枪 10 16
1492001 单发手铳 15 16
1492002 大型手铳 20 16
1492003 突击手铳 25 16
1492004 银枪 30 16
1492005 红杰克 35 16
1492006 黑郁金香 40 16
1492007 金钱豹 50 16
1492008 速射手铳 60 16
1492009 重装手铳 70 16
1492010 雷明顿 80 16
1492011 鲁格 90 16
1492012 金枪 100 16
1492013 枭龙 110 16
1492014 新手专用短枪 10 16
1492015 #c网吧专用道具。游戏结束时会消失.\n# 20 16
1492016 #c网吧专用道具。游戏结束时会消失.\n# 35 16
1492017 #c网吧专用道具。游戏结束时会消失.\n# 50 16
1492018 #c网吧专用道具。游戏结束时会消失.\n# 60 16
1492019 #c网吧专用道具。游戏结束时会消失.\n# 70 16
1492020 枫叶枪 35 16
1492021 冒险岛暴风手枪 43 16
1492022 冒险岛加仑手枪 64 16
1492023 #c金属风暴 +1等级# 120 16
1492025 #c金属风暴 +1等级# 120 16
1492026 粉色花边游泳圈 30 16
1492030 圣诞六翼天使武器(手枪) 10 16
1492032 Kyrin's Pistol 10 16
1492035 蝙蝠怪的因弗蒂之枪 80 16
1492036 蝙蝠怪的调停者 90 16
1492037 #c金属风暴 +1等级# 58 16
1492038 企鹅王的红杰克 35 16
1492042 #c网吧专用道具.游戏结束时将会消失.\n# 30 16
1492043 #c网吧专用道具.游戏结束时将会消失.\n# 38 16
1492044 #c网吧专用道具.游戏结束时将会消失.\n# 59 16
1492048 #c你能够感受到地狱大公的暗黑\n能量。# 25 16
